11 10 10 10 10 10 10 10 10 
11 9 10 10 10 10 10 10 10 
11 9 9 10 10 10 10 10 10 
11 9 9 10 10 10 9 10 10 
11 9 9 10 10 10 9 9 10 
11 9 9 10 10 10 9 9 11 
11 9 9 9 10 10 9 9 11 
11 9 9 9 11 10 9 9 11 
11 9 9 9 11 11 9 9 11 
11 9 9 9 11 11 8 9 11 
11 9 9 9 11 11 8 8 11 
11 9 9 9 11 11 8 8 12 
12 9 9 9 11 11 8 8 12 
12 8 9 9 11 11 8 8 12 
12 8 8 9 11 11 8 8 12 
13 8 8 9 11 11 8 8 12 
13 7 8 9 11 11 8 8 12 
13 7 7 9 11 11 8 8 12 
13 7 7 8 11 11 8 8 12 
13 7 7 8 12 11 8 8 12 
13 7 7 8 12 12 8 8 12 
14 7 7 8 12 12 8 8 12 
14 6 7 8 12 12 8 8 12 
14 6 6 8 12 12 8 8 12 
14 6 6 7 12 12 8 8 12 
14 6 6 7 13 12 8 8 12 
14 6 6 7 13 11 8 8 12 
14 6 6 7 13 11 7 8 12 
14 6 6 7 13 11 7 7 12 
14 6 6 7 13 11 7 7 13 
14 6 6 7 13 11 6 7 13 
14 6 6 7 13 11 6 6 13 
14 6 6 7 13 11 6 6 14 
15 6 6 7 13 11 6 6 14 
15 7 6 7 13 11 6 6 14 
15 7 5 7 13 11 6 6 14 
15 7 5 6 13 11 6 6 14 
15 7 5 6 14 11 6 6 14 
15 7 5 6 14 10 6 6 14 
15 7 5 6 14 10 5 6 14 
15 7 5 6 14 10 5 5 14 
15 7 5 6 14 10 5 5 15 
16 7 5 6 14 10 5 5 15 
16 6 5 6 14 10 5 5 15 
16 6 4 6 14 10 5 5 15 
16 6 4 5 14 10 5 5 15 
16 6 4 5 15 10 5 5 15 
16 6 4 5 15 9 5 5 15 
16 6 4 5 15 9 6 5 15 
16 6 4 5 15 9 6 4 15 
16 6 4 5 15 9 6 4 16 
17 6 4 5 15 9 6 4 16 
17 5 4 5 15 9 6 4 16 
17 5 3 5 15 9 6 4 16 
17 5 3 4 15 9 6 4 16 
17 5 3 4 16 9 6 4 16 
17 5 3 4 16 8 6 4 16 
18 5 3 4 16 8 6 4 16 
18 4 3 4 16 8 6 4 16 
18 4 2 4 16 8 6 4 16 
18 4 2 3 16 8 6 4 16 
18 4 2 3 17 8 6 4 16 
18 4 2 3 17 9 6 4 16 
18 4 2 3 17 9 5 4 16 
18 4 2 3 17 9 5 3 16 
18 4 2 3 17 9 5 3 17 
19 4 2 3 17 9 5 3 17 
19 3 2 3 17 9 5 3 17 
19 3 1 3 17 9 5 3 17 
19 3 1 2 17 9 5 3 17 
19 3 1 2 18 9 5 3 17 
19 3 1 2 18 8 5 3 17 
20 3 1 2 18 8 5 3 17 
20 2 1 2 18 8 5 3 17 
20 2 1 2 18 8 5 3 17 
20 2 1 1 18 8 5 3 17 
20 2 1 1 19 8 5 3 17 
20 2 1 1 19 7 5 3 17 
20 2 1 1 19 7 4 3 17 
20 2 1 1 19 7 4 2 17 
20 2 1 1 19 7 4 2 18 
21 2 1 1 19 7 4 2 18 
21 1 1 1 19 7 4 2 18 
21 1 1 1 19 7 4 2 18 
21 1 1 1 19 7 4 2 18 
21 1 1 1 20 7 4 2 18 
21 1 1 1 20 6 4 2 18 
21 1 1 1 20 6 3 2 18 
21 1 1 1 20 6 3 1 18 
21 1 1 1 20 6 3 1 19 
22 1 1 1 20 6 3 1 19 
22 1 1 1 20 6 3 1 19 
22 1 1 1 20 6 3 1 19 
22 1 1 1 20 6 3 1 19 
22 1 1 1 21 6 3 1 19 
22 1 1 1 21 5 3 1 19 
23 1 1 1 21 5 3 1 19 
23 1 1 1 21 5 3 1 19 
23 1 1 1 21 5 3 1 19 
23 1 1 1 21 5 3 1 19 
23 1 1 1 22 5 3 1 19 
23 1 1 1 22 4 3 1 19 
24 1 1 1 22 4 3 1 19 
24 2 1 1 22 4 3 1 19 
24 2 1 1 22 4 3 1 19 
24 2 1 1 22 4 2 1 19 
24 2 1 1 22 4 2 1 19 
24 2 1 1 22 4 2 1 20 
24 2 1 1 22 4 2 1 20 
24 2 1 1 23 4 2 1 20 
24 2 1 1 23 3 2 1 20 
24 2 1 1 23 3 1 1 20 
24 2 1 1 23 3 1 1 20 
24 2 1 1 23 3 1 1 21 
25 2 1 1 23 3 1 1 21 
25 1 1 1 23 3 1 1 21 
25 1 1 1 23 3 1 1 21 
25 1 1 1 23 3 1 1 21 
25 1 1 1 24 3 1 1 21 
25 1 1 1 24 2 1 1 21 
25 1 1 1 24 2 1 1 21 
25 1 1 1 24 2 1 1 21 
25 1 1 1 24 2 1 1 22 
26 1 1 1 24 2 1 1 22 
26 1 1 1 24 2 1 1 22 
26 1 1 1 24 2 1 1 22 
26 1 1 1 24 2 1 1 22 
26 1 1 1 25 2 1 1 22 
26 1 1 1 25 1 1 1 22 
27 1 1 1 25 1 1 1 22 
27 1 1 1 25 1 1 1 22 
27 1 1 1 25 1 1 1 22 
27 1 1 1 25 1 1 1 22 
27 1 1 1 25 1 1 1 22 
27 1 1 1 25 1 1 1 23 
28 1 1 1 25 1 1 1 23 
28 1 1 1 25 1 1 1 23 
28 1 1 1 25 1 1 1 23 
28 1 1 1 25 1 1 1 23 
28 1 1 1 26 1 1 1 23 
28 1 1 1 26 1 1 1 23 
28 1 1 1 26 1 1 1 23 
28 1 1 1 26 1 1 1 23 
28 1 1 1 26 1 1 1 24 
29 1 1 1 26 1 1 1 24 
29 1 1 1 26 1 1 1 24 
29 1 1 1 26 1 1 1 24 
29 1 1 1 26 1 1 1 24 
29 1 1 1 27 1 1 1 24 
29 1 1 1 27 1 1 1 24 
29 1 1 1 27 1 1 1 24 
29 1 1 1 27 1 1 1 24 
29 1 1 1 27 1 1 1 25 
30 1 1 1 27 1 1 1 25 
30 1 1 1 27 1 1 1 25 
30 1 1 1 27 1 1 1 25 
30 1 1 1 27 1 1 1 25 
30 1 1 1 28 1 1 1 25 
30 1 1 1 28 1 1 1 25 
30 1 1 1 28 1 1 1 25 
30 1 1 1 28 1 1 1 25 
30 1 1 1 28 1 1 1 26 
31 1 1 1 28 1 1 1 26 
31 1 1 1 28 1 1 1 26 
31 1 1 1 28 1 1 1 26 
31 1 1 1 28 1 1 1 26 
31 1 1 1 29 1 1 1 26 
31 1 1 1 29 1 1 1 26 
31 1 1 1 29 1 2 1 26 
31 1 1 1 29 1 2 2 26 
31 1 1 1 29 1 2 2 25 
31 1 1 2 29 1 2 2 25 
31 1 1 2 28 1 2 2 25 
31 1 1 2 28 2 2 2 25 
30 1 1 2 28 2 2 2 25 
30 2 1 2 28 2 2 2 25 
30 2 2 2 28 2 2 2 25 
30 2 2 2 28 2 3 2 25 
30 2 2 2 28 2 3 3 25 
30 2 2 2 28 2 3 3 24 
30 2 2 3 28 2 3 3 24 
30 2 2 3 27 2 3 3 24 
30 2 2 3 27 3 3 3 24 
29 2 2 3 27 3 3 3 24 
29 3 2 3 27 3 3 3 24 
29 3 3 3 27 3 3 3 24 
29 3 3 3 27 3 4 3 24 
29 3 3 3 27 3 4 4 24 
29 3 3 3 27 3 4 4 23 
29 3 3 4 27 3 4 4 23 
29 3 3 4 26 3 4 4 23 
29 3 3 4 26 4 4 4 23 
28 3 3 4 26 4 4 4 23 
28 4 3 4 26 4 4 4 23 
28 4 4 4 26 4 4 4 23 
28 4 4 4 26 4 5 4 23 
28 4 4 4 26 4 5 3 23 
28 4 4 4 26 4 5 3 22 
28 4 4 5 26 4 5 3 22 
28 4 4 5 25 4 5 3 22 
28 4 4 5 25 5 5 3 22 
27 4 4 5 25 5 5 3 22 
27 5 4 5 25 5 5 3 22 
27 5 5 5 25 5 5 3 22 
27 5 5 5 25 5 6 3 22 
27 5 5 5 25 5 6 2 22 
27 5 5 5 25 5 6 2 21 
27 5 5 6 25 5 6 2 21 
27 5 5 6 24 5 6 2 21 
27 5 5 6 24 6 6 2 21 
27 5 5 6 24 6 7 2 21 
27 5 5 6 24 6 7 3 21 
27 5 5 6 24 6 7 3 20 
26 5 5 6 24 6 7 3 20 
26 6 5 6 24 6 7 3 20 
26 6 6 6 24 6 7 3 20 
26 6 6 6 24 6 8 3 20 
26 6 6 6 24 6 8 4 20 
26 6 6 6 24 6 8 4 19 
26 6 6 7 24 6 8 4 19 
26 6 6 7 23 6 8 4 19 
26 6 6 7 23 7 8 4 19 
25 6 6 7 23 7 8 4 19 
25 7 6 7 23 7 8 4 19 
25 7 7 7 23 7 8 4 19 
25 7 7 7 23 7 9 4 19 
25 7 7 7 23 7 9 3 19 
25 7 7 7 23 7 9 3 18 
25 7 7 8 23 7 9 3 18 
25 7 7 8 22 7 9 3 18 
25 7 7 8 22 8 9 3 18 
24 7 7 8 22 8 9 3 18 
24 8 7 8 22 8 9 3 18 
24 8 8 8 22 8 9 3 18 
24 8 8 8 22 8 10 3 18 
24 8 8 8 22 8 10 4 18 
24 8 8 8 22 8 10 4 17 
24 8 8 8 22 8 11 4 17 
24 8 8 8 22 8 11 5 17 
24 8 8 8 22 8 11 5 16 
24 8 8 9 22 8 11 5 16 
24 8 8 9 21 8 11 5 16 
24 8 8 9 21 9 11 5 16 
23 8 8 9 21 9 11 5 16 
23 9 8 9 21 9 11 5 16 
23 9 9 9 21 9 11 5 16 
23 9 9 9 21 9 12 5 16 
23 9 9 9 21 9 12 6 16 
23 9 9 9 21 9 12 6 15 
22 9 9 9 21 9 12 6 15 
22 10 9 9 21 9 12 6 15 
22 10 10 9 21 9 12 6 15 
22 10 10 9 21 9 13 6 15 
22 10 10 9 21 9 13 5 15 
22 10 10 9 21 9 13 5 14 
22 10 10 8 21 9 13 5 14 
22 10 10 8 20 9 13 5 14 
22 10 10 8 20 10 13 5 14 
21 10 10 8 20 10 13 5 14 
21 11 10 8 20 10 13 5 14 
21 11 11 8 20 10 13 5 14 
21 11 11 8 20 10 14 5 14 
21 11 11 8 20 10 14 6 14 
21 11 11 8 20 10 14 6 13 
21 11 11 8 20 10 15 6 13 
21 11 11 8 20 10 15 5 13 
21 11 11 8 20 10 15 5 12 
21 11 11 7 20 10 15 5 12 
21 11 11 7 19 10 15 5 12 
21 11 11 7 19 11 15 5 12 
21 11 11 6 19 11 15 5 12 
21 11 11 6 18 11 15 5 12 
21 11 11 6 18 12 15 5 12 
21 11 11 6 18 12 16 5 12 
21 11 11 6 18 12 16 6 12 
21 11 11 6 18 12 16 6 11 
21 11 11 7 18 12 16 6 11 
21 11 11 7 17 12 16 6 11 
21 11 11 7 17 13 16 6 11 
20 11 11 7 17 13 16 6 11 
20 12 11 7 17 13 16 6 11 
20 12 12 7 17 13 16 6 11 
20 12 12 7 17 13 17 6 11 
20 12 12 7 17 13 17 7 11 
20 12 12 7 17 13 17 7 10 
20 12 12 8 17 13 17 7 10 
20 12 12 8 16 13 17 7 10 
20 12 12 8 16 14 17 7 10 
19 12 12 8 16 14 17 7 10 
19 13 12 8 16 14 17 7 10 
19 13 13 8 16 14 17 7 10 
19 13 13 8 16 14 18 7 10 
19 13 13 8 16 14 18 6 10 
19 13 13 8 16 14 18 6 9 
19 13 13 7 16 14 18 6 9 
19 13 13 7 15 14 18 6 9 
19 13 13 7 15 15 18 6 9 
18 13 13 7 15 15 18 6 9 
18 14 13 7 15 15 18 6 9 
18 14 12 7 15 15 18 6 9 
18 14 12 7 15 15 19 6 9 
18 14 12 7 15 15 19 7 9 
18 14 12 7 15 15 19 7 8 
18 14 12 6 15 15 19 7 8 
18 14 12 6 14 15 19 7 8 
18 14 12 6 14 16 19 7 8 
17 14 12 6 14 16 19 7 8 
17 15 12 6 14 16 19 7 8 
17 15 13 6 14 16 19 7 8 
17 15 13 6 14 16 20 7 8 
17 15 13 6 14 16 20 6 8 
17 15 13 6 14 16 20 6 7 
17 15 13 5 14 16 20 6 7 
17 15 13 5 13 16 20 6 7 
17 15 13 5 13 17 20 6 7 
16 15 13 5 13 17 20 6 7 
16 16 13 5 13 17 20 6 7 
16 16 14 5 13 17 20 6 7 
16 16 14 6 13 17 20 6 7 
16 16 14 6 12 17 20 6 7 
16 16 14 6 12 18 20 6 7 
15 16 14 6 12 18 20 6 7 
15 17 14 6 12 18 20 6 7 
15 17 13 6 12 18 20 6 7 
15 17 13 6 12 18 21 6 7 
15 17 13 6 12 18 21 7 7 
15 17 13 6 12 18 21 7 6 
15 17 13 5 12 18 21 7 6 
15 17 13 5 11 18 21 7 6 
15 17 13 5 11 19 21 7 6 
14 17 13 5 11 19 21 7 6 
14 18 13 5 11 19 21 7 6 
14 18 14 5 11 19 21 7 6 
14 18 14 5 11 19 22 7 6 
14 18 14 5 11 19 22 6 6 
14 18 14 5 11 19 22 6 5 
14 18 14 4 11 19 22 6 5 
14 18 14 4 10 19 22 6 5 
14 18 14 4 10 20 22 6 5 
13 18 14 4 10 20 22 6 5 
13 19 14 4 10 20 22 6 5 
13 19 13 4 10 20 22 6 5 
13 19 13 4 10 20 23 6 5 
13 19 13 4 10 20 23 5 5 
13 19 13 4 10 20 23 5 4 
13 19 13 3 10 20 23 5 4 
13 19 13 3 9 20 23 5 4 
13 19 13 3 9 21 23 5 4 
13 19 13 3 9 21 24 5 4 
13 19 13 3 9 21 24 4 4 
13 19 13 3 9 21 24 4 3 
13 19 13 2 9 21 24 4 3 
13 19 13 2 8 21 24 4 3 
13 19 13 2 8 22 24 4 3 
13 19 13 1 8 22 24 4 3 
13 19 13 1 7 22 24 4 3 
13 19 13 1 7 23 24 4 3 
12 19 13 1 7 23 24 4 3 
12 20 13 1 7 23 24 4 3 
12 20 14 1 7 23 24 4 3 
12 20 14 1 7 23 25 4 3 
12 20 14 1 7 23 25 3 3 
12 20 14 1 7 23 25 3 2 
12 20 14 1 7 23 25 3 2 
12 20 14 1 6 23 25 3 2 
12 20 14 1 6 24 25 3 2 
11 20 14 1 6 24 25 3 2 
11 21 14 1 6 24 25 3 2 
11 21 15 1 6 24 25 3 2 
11 21 15 1 6 24 26 3 2 
11 21 15 1 6 24 26 2 2 
11 21 15 1 6 24 26 2 1 
11 21 15 1 6 24 26 2 1 
11 21 15 1 5 24 26 2 1 
11 21 15 1 5 25 26 2 1 
10 21 15 1 5 25 26 2 1 
10 22 15 1 5 25 26 2 1 
10 22 14 1 5 25 26 2 1 
10 22 14 1 5 25 27 2 1 
10 22 14 1 5 25 27 1 1 
10 22 14 1 5 25 27 1 1 
10 22 14 1 5 25 27 1 1 
10 22 14 1 4 25 27 1 1 
10 22 14 1 4 26 27 1 1 
9 22 14 1 4 26 27 1 1 
9 23 14 1 4 26 27 1 1 
9 23 13 1 4 26 27 1 1 
9 23 13 1 4 26 28 1 1 
9 23 13 1 4 26 28 1 1 
9 23 13 1 4 26 28 1 1 
9 23 13 1 4 26 29 1 1 
9 23 13 1 4 26 29 1 1 
9 23 13 1 4 26 29 1 1 
9 23 13 2 4 26 29 1 1 
9 23 13 2 3 26 29 1 1 
9 23 13 2 3 27 29 1 1 
8 23 13 2 3 27 29 1 1 
8 24 13 2 3 27 29 1 1 
8 24 12 2 3 27 29 1 1 
8 24 12 2 3 27 30 1 1 
8 24 12 2 3 27 30 1 1 
8 24 12 2 3 27 30 1 1 
8 24 12 1 3 27 30 1 1 
8 24 12 1 2 27 30 1 1 
8 24 12 1 2 28 30 1 1 
