329
-450
-247
-346
-68
-432
542
-454
888
313
-341
843
658
-1135
-596
1346
-2140
-840
1643
-969
1331
263
431
-261
-2
-1217
359
281
-507
774
704
-1090
121
381
-1927
620
1326
-1635
2263
203
-236
-32
572
-1148
-128
577
-1337
814
-527
-66
-218
482
-53
563
905
-239
-69
-532
132
-772
123
-97
-458
1035
3391
1442
2238
717
-1082
-2312
-3341
-4714
-3904
-3220
-2785
-89
1034
2162
3718
4632
3375
2289
2679
-78
-921
-692
-2472
-2409
-464
-749
844
1917
1847
965
3740
4039
1724
1919
-66
-4022
-5306
-6179
-7655
-5664
-4000
-2180
745
2457
4389
4892
5806
3046
2336
1709
-1614
-780
-2646
-1391
-1344
18
-484
2997
859
2732
3264
1666
5942
684
2004
-1204
-3285
-6235
-5771
-7000
-7090
-4016
-2362
-348
2260
4371
2435
5442
3807
2737
1518
1255
-1906
524
-2123
-745
918
-575
1799
1032
2165
222
3791
4330
2377
1215
280
-3953
-5080
-6071
-6315
-7044
-4134
-4020
-1804
821
1531
2431
4312
3651
3216
4253
1607
592
1189
-1229
761
238
129
211
1979
-599
961
3160
4235
1705
3961
-703
-1459
-5154
-5392
-9078
-5656
-5842
-4030
-1384
-787
2391
1191
5309
2066
4736
3451
2591
3269
1779
2444
-38
2004
-1297
35
728
-485
872
2717
4201
1537
4016
-895
-1781
-3794
-5247
-7719
-6271
-6368
-5852
-2226
-1806
-61
2442
3518
3811
4741
4182
3842
2680
3622
1011
1388
571
-742
1343
-205
824
1476
3564
2478
3510
2149
-101
-1709
-2634
-5862
-6365
-7212
-7491
-6663
-3832
-4277
-125
1778
2406
5126
5420
4151
6269
2803
2509
1992
1959
-46
1189
-98
-757
351
-124
2830
2825
3736
1585
1812
-2186
-2784
-5622
-7686
-6472
-7434
-6075
-3742
-2493
-1176
1935
3214
2859
6787
4562
4498
4838
1972
2082
1202
838
-602
1448
-1043
-24
513
2052
3189
3224
2113
898
-1458
-4054
-5361
-6592
-8180
-6298
-6496
-4647
-1869
687
667
4683
4361
4338
4852
4730
2818
3880
1409
1988
105
1028
-1205
225
-185
-529
4480
1600
3543
1510
1208
-2844
-2622
-6248
-7080
-7646
-7090
-6658
-2736
-1671
564
2069
3715
3965
5394
4979
3141
5572
1298
2725
1077
773
-930
181
-1129
-426
1924
2705
3403
3394
1934
-959
-2596
-4141
-7011
-6669
-7048
-6405
-5410
-3018
-1320
-18
2942
2916
5240
4419
6458
3479
4100
2688
742
1090
-55
-287
-671
601
-924
3451
2328
2691
2770
1127
-1678
-3356
-3454
-8050
-6305
-7279
-6574
-4576
-1433
-1752
2752
3281
2752
5882
4483
4713
3935
3834
1188
2392
-477
326
-1405
138
-1055
1874
2220
3283
2846
2214
226
-2334
-2825
-6522
-6321
-7869
-5871
-5940
-3770
-1900
-166
2382
3891
4338
5276
5354
3999
3589
3225
462
1631
-126
75
-863
470
-1561
3400
2098
2228
2982
1080
-1191
-1763
-3378
-8334
-5763
-7578
-7601
-2890
-3437
-567
1446
3835
2375
7004
3526
4668
4729
2973
1591
1621
644
-1291
671
-1166
-635
1469
2258
2579
3015
2551
-734
40
-4653
-5595
-6244
-7640
-6818
-4932
-4357
-1969
1689
870
4524
4385
4845
4872
4744
3164
3106
1566
543
73
-777
-164
-1315
645
1878
2473
2924
2419
1314
-1256
-1607
-6552
-4767
-8266
-5796
-6882
-4205
-2585
401
1836
2924
4932
4029
4975
3744
4661
2439
3463
884
-786
545
-2196
-520
-379
1174
3512
2819
2973
1625
-228
-2197
-4131
-6174
-6223
-6904
-6217
-5884
-2845
-1310
1054
2608
4984
4128
5447
4892
2713
4058
1866
1448
914
245
-1260
-253
-1202
419
2794
2119
2831
3150
-596
-1219
-3509
-6175
-6962
-6177
-7382
-4286
-3425
-1164
556
3197
2349
5634
5120
4287
5146
2898
1604
1166
982
-1290
1316
-1603
-681
272
2401
1855
3788
2266
406
-800
-3506
-6377
-5883
-7143
-7106
-4183
-4263
-1680
1498
1549
3690
5469
3925
5266
4488
2785
2634
1760
-117
456
-820
-924
-892
71
2335
2437
3212
2319
308
-1305
-3257
-5348
-6251
-7122
-6516
-5097
-3694
-1049
79
2863
4078
4182
5253
4624
3750
3350
2576
1234
392
-35
-565
-347
-2116
304
3006
1205
4601
2265
258
-1443
-2568
-6891
-5631
-6681
-7052
-4254
-4205
-1448
835
2600
3012
6122
3630
5252
4241
3306
1573
2492
-884
681
-1242
-838
-676
-25
2981
1706
3238
2050
72
-1572
-3074
-5201
-6283
-6240
-7279
-5257
-2625
-1795
1281
3174
3534
5559
4468
4592
3193
4259
1058
1458
732
-1019
-273
-1337
-915
65
4209
742
4437
1541
-225
-1679
-3936
-5826
-5951
-6562
-6125
-4229
-3583
-804
969
2507
3731
5932
3942
5791
3678
3316
1528
804
-495
-148
-1626
-308
-1224
1989
2277
2766
2784
1311
-814
-2230
-4341
-5484
-5985
-7075
-4319
-5431
-1706
-876
1922
2249
4799
4704
5155
4850
3567
2993
1342
540
-650
-844
-1588
-553
-173
2169
2971
2318
2471
974
-922
-2890
-4565
-5947
-5765
-6928
-4681
-4344
-2287
571
1334
3999
4846
4901
4997
4338
2952
2330
1476
159
333
-1618
-1108
-682
158
2442
2503
2223
2535
77
-1722
-3494
-5270
-7302
-4882
-6829
-3633
-3034
-1077
1387
2842
4284
4020
5924
2984
5264
1819
2480
589
-115
-979
-895
-1746
-234
1810
1957
3141
2518
1488
-985
-1774
-5305
-5474
-7441
-5644
-5585
-3563
-1174
-13
2719
2947
4771
4318
4629
4285
3046
2496
1628
934
-1406
279
-2850
-1034
761
2083
2158
3981
1441
72
-1528
-4372
-5419
-6316
-6231
-6068
-2826
-3030
114
1203
2547
4378
4274
5157
4421
3767
3101
959
832
-903
-988
-1125
-1299
-204
2926
1131
3533
2436
375
-1202
-2214
-6191
-4856
-6642
-6283
-4011
-3233
-1858
1421
1976
3515
5095
4891
5008
3716
3424
862
1795
-1095
-200
-1511
-691
-1510
2180
1699
2222
3678
9
306
-2443
-4020
-5714
-5452
-6929
-4824
-3838
-2709
725
1517
3905
4492
5908
3727
4939
2854
2128
581
598
-999
-779
-1027
-1188
665
1963
1919
2728
2330
-330
-957
-3695
-5579
-5445
-6868
-5382
-4062
-2317
-1215
2760
1731
5157
4518
5162
3947
4333
1281
2348
-50
-818
-653
-1392
-1342
-142
2981
445
4724
853
944
-1108
-2566
-6276
-4785
-6959
-5882
-3571
-3495
-281
1460
2592
3426
5474
3996
5046
3951
2383
2267
-21
-396
-779
-2450
-627
-933
1815
2922
2476
2466
1111
-1467
-2887
-4036
-6536
-5336
-6288
-4290
-3014
-1503
1133
2425
4220
4125
5750
3205
4750
2238
2390
-36
900
-2623
-485
-1715
-1251
2956
1231
3100
3048
-78
41
-3124
-4256
-5748
-5616
-6516
-3825
-3611
-1122
410
2452
3632
4940
4849
4854
4065
3034
1254
781
-830
-676
-1523
-1420
-775
1405
1991
2899
2727
1002
-650
-2169
-5561
-4064
-7642
-4135
-5479
-2691
-1399
597
2133
3886
4380
4658
5074
3187
3765
948
1388
-620
-668
-2318
-675
-1630
2514
760
3591
2144
1549
-555
-2028
-5208
-5288
-6324
-6545
-3356
-3830
-247
609
2631
3502
4925
4129
4910
3975
2681
1856
598
-1015
-620
-2236
-908
-876
2117
1660
2698
2557
172
-387
-3072
-4167
-6062
-5187
-6167
-3784
-2889
-777
1136
2993
3521
5062
4807
4035
4059
2059
1238
173
-162
-2145
-585
-1868
397
2587
392
4104
1285
-58
-393
-3532
-5579
-4520
-6815
-5162
-2947
-3171
693
1495
3059
4498
4805
4530
4351
2667
2249
1095
-123
-703
-1431
-1802
-1152
939
1355
2675
2729
1352
-45
-1961
-4036
-5240
-5656
-5717
-4464
-3518
-1081
497
2319
3414
4539
4540
4842
3515
2735
1786
232
-550
-406
-2174
-1008
-478
1182
2134
2040
2765
286
-240
-2785
-4681
-5007
-6133
-5364
-3996
-2672
-356
1437
2885
4034
4678
4651
4360
3022
2659
970
-177
-281
-2412
-556
-2352
1535
1095
2085
3229
622
618
-1574
-3517
-5080
-5193
-6412
-3933
-3699
-1591
616
1850
3798
3971
4880
4232
3912
2891
1597
674
-474
-821
-2467
-545
-1665
2605
740
3444
1826
778
-645
-2823
-4432
-5129
-5282
-5715
-3248
-3195
18
685
3271
3625
5664
3904
4926
3158
1349
1784
-1098
-610
-1246
-1679
-1307
1953
-259
3254
1883
1112
283
-1372
-4103
-4201
-5620
-5891
-3870
-3987
-824
429
2574
3215
5337
3795
5176
3230
2003
2159
-676
36
-1427
-1635
-1388
516
749
1787
3074
553
1708
-1656
-2615
-4391
-5068
-5822
-4979
-3533
-2241
-292
2240
2783
4695
4790
4425
4086
3159
1003
1559
-1468
-745
-1650
-2173
495
845
1527
2772
1684
132
-513
-3132
-4010
-4260
-5742
-4117
-3948
-2535
-153
1166
2730
4233
4705
4474
4349
2942
1715
704
-600
-1162
-1679
-1177
-1106
1939
966
2396
2619
-425
523
-2842
-4281
-4515
-5384
-5542
-2604
-3639
160
1298
2412
4287
4766
4095
4692
2910
1430
1531
-1403
-151
-2082
-1218
-215
1074
983
2705
1532
-197
546
-3985
-2783
-4818
-5449
-4541
-3369
-2639
4
1619
2066
5679
2686
5474
2753
2981
1714
609
-119
-772
-1226
-1821
379
222
1638
2294
1582
408
-305
-3216
-3545
-5384
-5542
-3743
-4502
-702
-617
1881
3318
4124
4386
4199
3678
1740
2593
-508
229
-1227
-1297
-1438
1112
344
1640
2989
-518
1510
-2600
-2634
-4799
-4203
-6046
-2926
-3449
-1211
1801
995
4651
3296
4539
3355
3460
1505
2002
-247
-518
-798
-2141
65
558
522
3152
982
545
386
-3360
-2930
-4688
-5380
-4618
-3236
-3012
767
637
3181
3682
4156
4157
3674
2498
1874
821
-830
298
-2661
-8
-795
1482
826
3012
484
1080
-1576
-3124
-3870
-4997
-4956
-3914
-3358
-1381
249
1478
3843
3283
4835
3864
3331
2619
1536
-324
136
-1799
-1446
-401
294
1764
1334
2108
243
-578
-2675
-2621
-5333
-3555
-4580
-3169
-1185
-1333
2245
1186
3922
3148
4200
2786
3219
1528
626
355
-1199
-1396
-700
212
791
1843
1682
980
55
-1676
-3065
-3969
-4848
-4235
-3368
-2862
-65
94
2342
3004
3404
4132
3702
2463
2585
801
-209
-282
-1869
-839
114
798
1105
2497
143
568
-1675
-2815
-3302
-4588
-4091
-3214
-2609
-835
971
1162
3250
2861
3372
3463
2229
2388
986
517
-841
-171
-2220
1178
-76
1352
1902
754
229
-1038
-2568
-3840
-3223
-5452
-2248
-3595
-575
50
1878
2324
4030
3075
3716
2752
1799
1324
-18
-475
-848
-1180
693
69
963
1510
100
28
-1028
-2864
-2152
-4098
-3222
-2495
-2662
-120
523
859
3285
2158
3003
2914
1786
1504
939
-225
-214
-711
-615
972
550
1262
1525
-238
-456
-1389
-3467
-2314
-4004
-3117
-2090
-1800
-334
1192
1487
2826
3132
2547
3229
1690
1074
952
-832
-181
-1035
-261
798
-46
1354
634
-398
-81
-2124
-2207
-2795
-2967
-2575
-1574
-1031
454
1015
1600
2782
1570
2677
1800
842
1534
-423
335
-1170
275
-22
855
1032
857
159
-287
-1525
-2218
-2749
-2995
-2642
-1945
-1024
-135
904
1564
2087
2300
2239
2410
1289
1509
159
164
-864
-416
-339
58
336
671
220
-108
-477
-1448
-1471
-1989
-1866
-1482
-1116
-421
284
671
1310
1363
1493
1329
1035
872
346
149
30
-545
698
28
615
729
142
82
-580
-1342
-1689
-1806
-2320
-1192
-1368
-283
404
712
1665
1359
1869
1411
1360
667
683
-285
-88
-638
-102
476
184
1138
251
191
-504
-1115
-1674
-2013
-1895
-1790
-1172
-592
66
602
1290
1363
1835
1472
1435
1110
549
197
-156
-488
-319
106
-184
542
146
7
-84
-796
-860
-1270
-1257
-1220
-682
-613
65
324
697
791
1019
814
959
543
501
85
-32
-197
154
250
369
567
308
-276
-84
-1097
-918
-1261
-1327
-1130
-619
-579
40
526
722
1169
1210
1179
746
1134
-339
477
-366
-459
-252
-572
-199
-249
21
225
-70
509
-242
530
-102
108
165
-408
211
-956
60
-765
-165
-278
186
-471
643
-317
511
347
-152
439
99
-472
789
-989
819
-389
233
13
-14
68
-256
196
-32
304
-79
329
-59
93
-67
-39
0
0
0
0
0
0
0
0
0
0
0
0
0
0
0
0
0
0
0
0
0
0
0
0
0
0
0
0
0
0
0
0
0
0
0
0
0
0
0
0
0
0
0
0
0
0
0
0
0
0
0
0
0
0
0
0
0
0
0
0
0
0
0
0
0
0
0
0
0
0
0
0
0
0
0
0
0
0
0
0
0
0
0
0
0
0
0
0
0
0
0
0
0
0
0
0
0
0
0
0
0
0
0
0
0
0
0
0
0
0
0
0
0
0
0
0
0
0
0
0
0
0
0
0
0
0
0
0
0
0
0
0
0
0
0
0
0
0
0
0
0
0
0
0
0
0
0
0
0
0
0
0
0
0
0
0
0
0
0
0
0
0
0
0
0
0
0
0
0
0
0
0
0
0
0
0
0
0
0
0
0
0
0
0
0
0
0
0
0
0
0
0
0
0
0
0
0
0
0
0
0
0
0
0
0
0
0
0
0
0
0
0
0
0
0
0
0
0
0
0
0
0
0
0
0
0
0
0
0
0
0
0
0
0
0
0
0
0
0
0
0
0
0
0
0
0
0
0
0
0
0
0
0
0
0
0
0
0
0
0
0
0
0
0
0
0
0
0
0
0
0
0
0
0
0
0
0
0
0
0
0
0
0
0
0
0
0
0
0
0
0
0
0
0
0
0
0
0
0
0
0
0
0
0
0
0
0
0
0
0
0
0
0
0
0
0
0
0
0
0
0
0
0
0
0
0
0
0
0
0
0
0
0
0
0
0
0
0
0
0
0
0
0
0
0
0
0
0
0
0
0
0
0
0
0
0
0
0
0
0
0
0
0
0
0
0
0
0
0
0
0
0
0
0
0
0
0
0
0
0
0
0
0
0
0
0
0
0
0
0
0
0
0
0
0
0
0
0
0
0
0
0
0
0
0
0
0
0
0
0
0
0
0
0
0
0
0
0
0
0
0
0
0
0
0
0
0
0
0
0
0
0
0
0
0
0
0
0
0
0
0
0
0
0
0
0
0
0
0
0
0
0
0
0
0
0
0
0
0
0
0
0
0
0
0
0
0
0
0
0
0
0
0
0
0
0
0
0
0
0
0
0
0
0
0
0
0
0
0
0
0
0
0
0
0
0
0
0
0
0
0
0
0
0
0
0
0
0
0
0
0
0
0
0
0
0
0
0
0
0
0
0
0
0
0
0
0
0
0
0
0
0
0
0
0
0
0
0
0
0
0
0
0
0
0
0
0
0
0
0
0
0
0
0
0
0
0
0
0
0
0
0
0
0
0
0
0
0
0
0
0
0
0
0
0
0
0
0
0
0
0
0
0
0
0
0
0
0
0
0
0
0
0
0
0
0
0
0
0
0
0
0
0
0
0
0
0
0
0
0
0
0
0
0
0
0
0
0
0
0
0
0
0
0
0
0
0
0
0
0
0
0
0
0
0
0
0
0
0
0
0
0
0
0
0
0
0
0
0
0
0
0
0
0
0
0
0
0
0
0
0
0
0
0
0
0
0
0
0
0
0
0
0
0
0
0
0
0
0
0
0
0
0
0
0
0
0
0
0
0
0
0
0
0
0
0
0
0
0
0
0
0
0
0
0
0
0
0
0
0
0
0
0
0
0
0
0
0
0
0
0
0
0
0
0
0
0
0
0
0
0
0
0
0
0
0
0
0
0
0
0
0
0
0
0
0
0
0
0
0
0
0
0
0
0
0
0
0
0
0
0
0
0
0
0
0
0
0
0
0
0
0
0
0
0
0
0
0
0
0
0
0
0
0
0
0
0
0
0
0
0
0
0
0
0
0
0
0
0
0
0
0
0
0
0
0
0
0
0
0
0
0
0
0
0
0
0
0
0
0
0
0
0
0
0
0
0
0
0
0
0
0
0
0
0
0
0
0
0
0
0
0
0
0
0
0
0
0
0
0
0
0
0
0
0
0
0
0
0
0
0
0
0
0
0
0
0
0
0
0
0
0
0
0
0
0
0
0
0
0
0
0
0
0
0
0
0
0
0
0
0
0
0
0
0
0
0
0
0
0
0
0
0
0
0
0
0
0
0
0
0
0
0
0
0
0
0
0
0
0
0
0
0
0
0
0
0
0
0
0
0
0
0
0
0
0
0
0
0
0
0
0
0
0
0
0
0
0
0
0
0
0
0
0
0
0
0
0
0
0
0
0
0
0
0
0
0
0
0
0
0
0
0
0
0
0
0
0
0
0
0
0
0
0
0
0
0
0
0
0
0
0
0
0
0
0
0
0
0
0
0
0
0
0
0
0
0
0
0
0
0
0
0
0
0
0
0
0
0
0
0
0
0
0
0
0
0
0
0
0
0
0
0
0
0
0
0
0
0
0
0
0
0
0
0
0
0
0
0
0
0
0
0
0
0
0
0
0
0
0
0
0
0
0
0
0
0
0
0
0
0
0
0
0
0
0
0
0
0
0
0
0
0
0
0
0
0
0
0
0
0
0
0
0
0
0
0
0
0
0
0
0
0
0
0
0
0
0
0
0
0
0
0
0
0
0
0
0
0
0
0
0
0
0
0
0
0
0
0
0
0
0
0
0
0
0
0
0
0
0
0
0
0
0
0
0
0
0
0
0
0
0
0
0
0
0
0
0
0
0
0
0
0
0
0
0
0
0
0
0
0
0
0
0
0
0
0
0
0
0
0
0
0
0
0
0
0
0
0
0
0
0
0
0
0
0
0
0
0
0
0
0
0
0
0
0
0
0
0
0
0
0
0
0
0
0
0
0
0
0
0
0
0
0
0
0
0
0
0
0
0
0
0
0
0
0
0
0
0
0
0
0
0
0
0
0
0
0
0
0
0
0
0
0
0
0
0
0
0
0
0
0
0
0
0
0
0
0
0
0
0
0
0
0
0
0
0
0
0
0
0
0
0
0
0
0
0
0
0
0
0
0
0
0
0
0
0
0
0
0
0
0
0
0
0
0
0
0
0
0
0
0
0
0
0
0
0
0
0
0
0
0
0
0
0
0
0
0
0
0
0
0
0
0
0
0
0
0
0
0
0
0
0
0
0
0
0
0
0
0
0
0
0
0
0
0
0
0
0
0
0
0
0
0
0
0
0
0
0
0
0
0
0
0
0
0
0
0
0
0
0
0
0
0
0
0
0
0
0
0
0
0
0
0
0
0
0
0
0
0
0
0
0
0
0
0
0
0
0
0
0
0
0
0
0
0
0
0
0
0
0
0
0
0
0
0
0
0
0
0
0
0
0
0
0
0
0
0
0
0
0
0
0
0
0
0
0
0
0
0
0
0
0
0
0
0
0
0
0
0
0
0
0
0
0
0
0
0
0
0
0
0
0
0
0
0
0
0
0
0
0
0
0
0
0
0
0
0
0
0
0
0
0
0
0
0
0
0
0
0
0
0
0
0
0
0
0
0
0
0
0
0
0
0
0
0
0
0
0
0
0
0
0
0
0
0
0
0
0
0
0
0
0
0
0
0
0
0
0
0
0
0
0
0
0
0
0
0
0
0
0
0
0
0
0
0
0
0
0
0
0
0
0
0
0
0
0
0
0
0
0
0
0
0
0
0
0
0
0
0
0
0
0
0
0
0
0
0
0
0
0
0
0
0
0
0
0
0
0
0
0
0
0
0
0
0
0
0
0
0
0
0
0
0
0
0
0
0
0
0
0
0
0
0
0
0
0
0
0
0
0
0
0
0
0
0
0
0
0
0
0
0
0
0
0
0
0
0
0
0
0
0
0
0
0
0
0
0
0
0
0
0
0
0
0
0
0
0
0
0
0
0
0
0
0
0
0
0
0
0
0
0
0
0
0
0
0
0
0
0
0
0
0
0
0
0
0
0
0
0
0
0
0
0
0
0
0
0
0
0
0
0
0
0
0
0
0
0
0
0
0
0
0
0
0
0
0
0
0
0
0
0
0
0
0
0
0
0
0
0
0
0
0
0
0
0
0
0
0
0
0
0
0
0
0
0
0
0
0
0
0
0
0
0
0
0
0
0
0
0
0
0
0
0
0
0
0
0
0
0
0
0
0
0
0
0
0
0
0
0
0
0
0
0
0
0
0
0
0
0
0
0
0
0
0
0
0
0
0
0
0
0
0
0
0
0
0
0
0
0
0
0
0
0
0
0
0
0
0
0
0
0
0
0
0
0
0
0
0
0
0
0
0
0
0
0
0
0
0
0
0
0
0
0
0
0
0
0
0
0
0
0
0
0
0
0
0
0
0
0
0
0
0
0
0
0
0
0
0
0
0
0
0
0
0
0
0
0
0
0
0
0
0
0
0
0
0
0
0
0
0
0
0
0
0
0
0
0
0
0
0
0
0
0
0
0
0
0
0
0
0
0
0
0
0
0
0
0
0
0
0
0
0
0
0
0
0
0
0
0
0
0
0
0
0
0
0
0
0
0
0
0
0
0
0
0
0
0
0
0
0
0
0
0
0
0
0
0
0
0
0
0
0
0
0
0
0
0
0
0
0
0
0
0
0
0
0
0
0
0
0
0
0
0
0
0
0
0
0
0
0
0
0
0
0
0
0
0
0
0
0
0
0
0
0
0
0
0
0
0
0
0
0
0
0
0
0
0
0
0
0
0
0
0
0
0
0
0
0
0
0
0
0
0
0
0
0
0
0
0
0
0
0
0
0
0
0
0
0
0
0
0
0
0
0
0
0
0
0
0
0
0
0
0
0
0
0
0
0
0
0
0
0
0
0
0
0
0
0
0
0
0
0
0
0
0
0
0
0
0
0
0
0
0
0
0
0
0
0
0
0
0
0
0
0
0
0
0
0
0
0
0
0
0
0
0
0
0
0
0
0
0
0
0
0
0
0
0
0
0
0
0
0
0
0
0
0
0
0
0
0
0
0
0
0
0
0
0
0
0
0
0
0
0
0
0
0
0
0
0
0
0
0
0
0
0
0
0
0
0
0
0
0
0
0
0
0
0
0
0
0
0
0
0
0
0
0
0
0
0
0
0
0
0
0
0
0
0
0
0
0
0
0
0
0
0
0
0
0
0
0
0
0
0
0
0
0
0
0
0
0
0
0
0
0
0
0
0
0
0
0
0
0
0
0
0
0
0
0
0
0
0
0
0
0
0
0
0
0
0
0
0
0
0
0
0
0
0
0
0
0
0
0
0
0
0
0
0
0
0
0
0
0
0
0
0
0
0
0
0
0
0
0
0
0
0
0
0
0
0
0
0
0
0
0
0
0
0
0
0
0
0
0
0
0
0
0
0
0
0
0
0
0
0
0
0
0
0
0
0
0
0
0
0
0
0
0
0
0
0
0
0
0
0
0
0
0
0
0
0
0
0
0
0
0
0
0
0
0
0
0
0
0
0
0
0
0
0
0
0
0
0
0
0
0
0
0
0
0
0
0
0
0
0
0
0
0
0
0
0
0
0
0
0
0
0
0
0
0
0
0
0
0
0
0
0
0
0
0
0
0
0
0
0
0
0
0
0
0
0
0
0
0
0
0
0
0
0
0
0
0
0
0
0
0
0
0
0
0
0
0
0
0
0
0
0
0
0
0
0
0
0
0
0
0
0
0
0
0
0
0
0
0
0
0
0
0
0
0
0
0
0
0
0
0
0
0
0
0
0
0
0
0
0
0
0
0
0
0
0
0
0
0
0
0
0
0
0
0
0
0
0
0
0
0
0
0
0
0
0
0
0
0
0
0
0
0
0
0
0
0
0
0
0
0
0
0
0
0
0
0
0
0
0
0
0
0
0
0
0
0
0
0
0
0
0
0
0
0
0
0
0
0
0
0
0
0
0
0
0
0
0
0
0
0
0
0
0
0
0
0
0
0
0
0
0
0
0
0
0
0
0
0
0
0
0
0
0
0
0
0
0
0
0
0
0
0
0
0
0
0
0
0
0
0
0
0
0
0
0
0
0
0
0
0
0
0
0
0
0
0
0
0
0
0
0
0
0
0
0
0
0
0
0
0
0
0
0
0
0
0
0
0
0
0
0
0
0
0
0
0
0
0
0
0
0
0
0
0
0
0
0
0
0
0
0
0
0
0
0
0
0
0
0
0
0
0
0
0
0
0
0
0
0
0
0
0
0
0
0
0
0
0
0
0
0
0
0
0
0
0
0
0
0
0
0
0
0
0
0
0
0
0
0
0
0
0
0
0
0
0
0
0
0
0
0
0
0
0
0
0
0
0
0
0
0
0
0
0
0
0
0
0
0
0
0
0
0
0
0
0
0
0
0
0
0
0
0
0
0
0
0
0
0
0
0
0
0
0
0
0
0
0
0
0
0
0
0
0
0
0
0
0
0
0
0
0
0
0
0
0
0
0
0
0
0
0
0
0
0
0
0
0
0
0
0
0
0
0
0
0
0
0
0
0
0
0
0
0
0
0
0
0
0
0
0
0
0
0
0
0
0
0
0
0
0
0
0
0
0
0
0
0
0
0
0
0
0
0
0
0
0
0
0
0
0
0
0
0
0
0
0
0
0
0
0
0
0
0
0
0
0
0
0
0
0
0
0
0
0
0
0
0
0
0
0
0
0
0
0
0
0
0
0
0
0
0
0
0
0
0
0
0
0
0
0
0
0
0
0
0
0
0
0
0
0
0
0
0
0
0
0
0
0
0
0
0
0
0
0
0
0
0
0
0
0
0
0
0
0
0
0
0
0
0
0
0
0
0
0
0
0
0
0
0
0
0
0
0
0
0
0
0
0
0
0
0
0
0
0
0
0
0
0
0
0
0
0
0
0
0
0
0
0
0
0
0
0
0
0
0
0
0
0
0
0
0
0
0
0
0
0
0
0
0
0
0
0
0
0
0
0
0
0
0
0
0
0
0
0
0
0
0
0
0
0
0
0
0
0
0
0
0
0
0
0
0
0
0
0
0
0
0
0
0
0
0
0
0
0
0
0
0
0
0
0
0
0
0
0
0
0
0
0
0
0
0
0
0
0
0
0
0
0
0
0
0
0
0
0
0
0
0
0
0
0
0
0
0
0
0
0
0
0
0
0
0
0
0
0
0
0
0
0
0
0
0
0
0
0
0
0
0
0
0
0
0
0
0
0
0
0
0
0
0
0
0
0
0
0
0
0
0
0
0
0
0
0
0
0
0
0
0
0
0
0
0
0
0
0
0
0
0
0
0
0
0
0
0
0
0
0
0
0
0
0
0
0
0
0
0
0
0
0
0
0
0
0
0
0
0
0
0
0
0
0
0
0
0
0
0
0
0
0
0
0
0
0
0
0
0
0
0
0
0
0
0
0
0
0
0
0
0
0
0
0
0
0
0
0
0
0
0
0
0
0
0
0
0
0
0
0
0
0
0
0
0
0
0
0
0
0
0
0
0
0
0
0
0
0
0
0
0
0
0
0
0
0
0
0
0
0
0
0
0
0
0
0
0
0
0
0
0
0
0
0
0
0
0
0
0
0
0
0
0
0
0
0
0
0
0
0
0
0
0
0
0
0
0
0
0
0
0
0
0
0
0
0
0
0
0
0
0
0
0
0
0
0
0
0
0
0
0
0
0
0
0
0
0
0
0
0
0
0
0
0
0
0
0
0
0
0
0
0
0
0
0
0
0
0
0
0
0
0
0
0
0
0
0
0
0
0
0
0
0
0
0
0
0
0
0
0
0
0
0
0
0
0
0
0
0
0
0
0
0
0
0
0
0
0
0
0
0
0
0
0
0
0
0
0
0
0
0
0
0
0
0
0
0
0
0
0
0
0
0
0
0
0
0
0
0
0
0
0
0
0
0
0
0
0
0
0
0
0
0
0
0
0
0
0
0
0
0
0
0
0
0
0
0
0
0
0
0
0
0
0
11
-20
-11
2
26
-8
11
-30
29
-7
-21
12
41
-54
-32
77
-19
-49
51
21
9
-72
-1
22
8
-33
61
12
-22
-34
24
-34
8
21
-18
22
43
-59
25
-18
-32
-61
91
46
-6
-16
-17
20
-97
32
8
49
15
41
-35
-31
-142
20
207
-19
-63
-10
-48
20
162
-220
91
-101
116
16
17
-125
151
-62
-75
55
-2
-42
19
121
-39
-156
65
115
-59
-9
-62
-56
114
35
51
-59
-72
-138
208
72
-64
-80
38
-11
-52
12
76
91
-101
-38
8
-56
56
55
75
-171
-99
180
39
24
-155
72
38
-34
-196
261
-94
30
64
-136
136
-122
45
-17
54
-125
113
5
-35
-67
138
-1
-44
-8
-188
135
107
62
-170
28
-130
274
-168
30
108
-127
-22
-21
92
-80
73
72
109
-306
-36
42
91
-70
355
-220
-56
-112
47
98
1
-162
139
73
-71
152
-174
-229
148
-39
399
-32
-280
-174
295
-222
24
116
276
-248
33
-236
381
-382
88
-184
445
57
-19
-285
-188
411
-353
374
-258
59
50
-86
188
-52
141
-406
171
-185
25
438
-86
-100
-206
196
-147
183
-246
155
37
81
-191
13
84
11
76
-123
-161
96
147
76
-180
-87
209
-165
279
-175
-164
-50
-58
572
-148
-129
8
-46
-379
245
145
66
-51
212
-153
-145
-217
176
77
215
-414
191
216
-179
54
-50
-240
455
-480
-36
279
417
-234
-224
-176
96
170
-131
200
-84
172
-356
219
-55
177
-233
-337
422
151
-99
52
-72
-295
20
292
-209
455
-71
-289
-67
-290
291
135
190
-148
216
-317
-102
-111
-93
426
213
-294
56
31
-221
8
227
-229
30
35
6
116
411
-413
-209
58
-11
-319
245
372
254
-445
195
-220
-35
-320
161
329
-249
328
-97
158
-541
349
95
-51
-329
45
-114
101
160
570
112
-368
-806
-117
325
587
224
-756
311
127
209
-409
73
-298
-311
124
648
499
-403
-139
-85
-118
-474
-303
675
645
91
-409
71
-261
-380
138
39
-5
-105
670
18
430
-388
-789
-464
156
626
285
296
-227
172
-318
96
-693
-122
142
808
256
-894
700
457
-765
-1555
547
1125
934
-644
-88
-222
-1072
-369
772
1560
-239
-565
-452
464
-809
103
-374
718
460
1227
-1127
-1169
-383
775
428
-234
491
189
-298
-1190
582
1137
-245
-1240
-401
806
1070
-99
-565
-220
89
-429
281
-254
152
41
980
-250
-208
-861
777
-20
-649
-944
536
1154
1166
2544
663
-1775
-1446
-185
782
-1049
-1420
-2380
-852
-845
640
-44
-65
534
1082
602
-770
657
1031
1150
619
584
988
-380
-331
-517
964
631
1513
418
1344
2301
615
-1203
-2816
-3107
-3095
-981
-1298
-1241
-1894
-877
46
271
736
1095
805
425
242
544
2110
1355
1166
328
-611
-169
-233
1501
933
1527
40
3946
2361
785
-3916
-5905
-4079
-1538
-331
-2896
-2731
-1894
25
53
1992
2891
3052
720
-3012
-770
1323
4187
3077
1510
836
-904
-1176
-1279
839
2214
1847
2820
4586
2355
-2438
-8051
-7312
-3252
-411
-1556
-1555
-1376
-453
84
-596
1826
3072
3620
1171
-400
-818
201
1335
1982
1721
994
429
987
288
-88
-723
984
4399
5296
1171
-3514
-7011
-6016
-5016
-2374
-2135
486
2117
2121
815
-674
-227
204
2703
2222
2514
-497
-1296
-1503
1018
2909
3116
1542
-236
-945
-995
-1142
3241
7853
5235
-2003
-8961
-9186
-5314
-2506
-1433
-335
480
1074
616
907
1620
1983
1026
147
-564
376
540
777
1329
2079
2044
320
-1128
-824
672
1182
2479
5958
5371
-529
-7918
-9615
-7899
-4023
-810
500
1054
767
1218
1428
2406
2263
145
-1428
-328
2266
249
-718
2306
4493
3980
-795
-2411
-2645
555
689
2165
8311
10114
932
-11703
-11703
-5646
-1980
-5050
-2242
1620
3954
1095
1563
2182
2545
-1275
-1267
-637
1902
2114
856
2001
2310
1833
63
-54
522
645
634
-13
4548
7086
1718
-4775
-8811
-8779
-8029
-4909
1165
3422
2921
-319
3499
4119
-285
-4157
-2285
2345
1036
174
873
7014
4527
-974
-4291
-124
2286
-538
-798
2438
8470
10237
1235
-9693
-11703
-8279
-5744
-5448
905
4483
4257
-748
192
1434
91
-1540
1208
2707
2137
-892
989
3090
3328
-244
-1534
352
1925
1249
915
1403
4074
10400
2829
-8126
-11703
-7358
-6376
-7991
-1585
6518
6942
-512
-2384
1133
2041
-1470
-2500
1768
5211
4080
114
92
654
-799
-182
3560
4300
-431
-2744
1334
7939
9844
-270
-10260
-11703
-8829
-5970
-3511
855
3748
2473
471
681
2565
1646
-461
-3581
-2467
2851
5777
3787
1324
56
1076
1386
412
-1494
-604
-864
3620
10663
11702
-2090
-11703
-11703
-7837
-7012
-7657
331
5271
6955
1557
1043
999
-1141
-3307
-1609
1984
3507
2578
2306
3087
1446
827
-190
786
-456
-1073
-2429
4062
11702
9132
-2776
-11703
-11639
-10687
-8258
-2931
3978
7381
3855
629
524
1926
-3522
-3789
-1429
2399
3651
4934
5089
2129
-498
-1940
-1618
-151
1504
1391
1783
5219
11671
5290
-6977
-11703
-10685
-7048
-7255
-1158
3910
4709
2612
-419
925
-96
-56
104
1310
683
1405
945
1580
2208
3019
725
376
-235
584
-366
1336
8465
8934
-1037
-8879
-9696
-8503
-9041
-4216
2761
2782
1401
769
4292
1909
-369
-1679
1148
-275
-803
1310
3158
3252
479
1708
1817
1915
-581
-1174
-681
3680
9170
4211
-2654
-8044
-8294
-10129
-7369
-4135
20
3454
5068
3075
2218
2255
255
-1820
-1465
-718
-89
1892
3132
4474
3351
1315
-414
-1240
-392
-1041
2841
9108
7544
-2726
-6830
-8972
-9224
-9641
-3233
789
3019
1956
4121
3699
575
-1433
-134
741
-1911
1238
1777
3187
652
2343
2210
2702
-1062
-1590
269
2852
7616
5618
404
-5009
-8386
-11703
-9525
-3273
832
2389
2965
4309
1450
16
671
-899
231
-140
1010
2797
2126
-151
458
2041
1274
1807
1228
445
-175
6677
6523
-576
-3725
-6060
-8292
-11611
-5966
-2872
1105
3105
6443
3288
2231
-886
-748
-77
-445
1432
1490
1622
503
372
2654
1180
2731
1034
560
4
6020
5655
9
-4990
-6591
-7872
-8783
-5667
-1551
937
2358
2298
2856
2037
2377
826
-157
-1121
-912
1178
2345
1712
1597
1271
1749
-586
2482
-148
4121
6149
3936
-1350
-4490
-6884
-9465
-8112
-5037
-1244
486
3644
3300
3690
2319
1270
-1747
-412
-144
1126
-679
2148
1605
2622
1545
1883
-221
-195
811
3945
7797
2949
-198
-5687
-8401
-10577
-8005
-4659
-1022
2846
4300
3572
2916
1589
1041
-657
715
-1119
-102
1132
631
1201
1702
2516
1248
2067
-61
1391
5348
4721
408
-1997
-5370
-8689
-9590
-6844
-3790
-1342
1881
3774
3750
3154
4125
730
19
-80
-654
-105
-1224
1286
1859
2049
2229
2635
414
412
4446
5330
1921
-184
-3235
-8248
-8900
-7761
-5760
-2168
734
2233
4252
4834
3738
1570
521
-822
-1444
-1042
379
1370
1539
2398
1632
1236
1202
787
2994
6230
3153
27
-1781
-5840
-8761
-8881
-6528
-4318
-129
1900
3291
4296
4026
2248
2647
352
-928
-1266
-1026
326
-394
2211
1905
2459
1797
808
2527
5200
3642
1328
-139
-4620
-8008
-8491
-8449
-6579
-2390
795
2291
5134
5232
3449
3371
564
895
-1664
-349
-950
-200
844
607
2085
2140
2554
1738
5531
3870
2046
-145
-4326
-7838
-8545
-7276
-7322
-2716
408
2158
4569
4598
3987
2790
2460
-1218
626
-1591
-64
-530
996
456
1461
1760
1232
2772
5661
4999
1895
616
-4259
-6849
-9021
-7730
-7093
-2339
-1169
1926
3953
3412
4632
3418
2614
1326
829
-1621
-565
-2104
-712
-133
1956
1384
3337
3893
5470
4065
2305
-313
-4472
-6238
-8453
-7462
-7542
-3248
-1782
1898
3408
4074
5383
3787
3611
1429
532
-1083
-986
-1922
-1501
385
-199
2311
2167
5107
5548
4246
2564
-1628
-4161
-7014
-9202
-7709
-6880
-4381
-1149
1567
2965
5592
4276
5433
3101
2449
797
-476
-595
-1667
-709
-1466
390
126
1545
5632
5251
5049
3506
-722
-5029
-7003
-9169
-8492
-6392
-4295
-82
2060
3821
5348
4713
3915
3372
1730
159
846
-2105
-756
-709
-1673
787
139
3389
5424
3960
4053
2618
-2556
-3470
-7177
-8412
-7469
-5900
-4510
61
1512
3610
5462
4406
4760
3259
2804
233
725
-1502
-1716
-1488
-1719
-97
16
5171
3683
5262
4150
258
-2610
-4685
-7781
-8588
-6481
-7246
-1591
-1828
2375
3099
5569
5182
5461
4764
2648
2165
-790
-1117
-2518
-1920
-1990
-18
1943
4242
3692
4631
1332
-823
-2044
-6698
-5591
-7567
-6092
-4165
-1645
113
2403
4276
3475
6151
3602
3878
2559
1340
-592
-210
-1987
-2101
-59
-546
3715
1849
4605
1095
1556
-2894
-3294
-5756
-6630
-4845
-5749
-2002
-1856
1747
1721
4668
3991
5286
4103
2988
2290
106
-155
-1793
-1957
-1081
-259
1964
2548
3009
2911
434
-559
-3898
-4586
-6488
-5836
-5899
-3539
-2900
531
1603
3473
4848
4855
5268
3935
4187
900
2090
-2041
-508
-2707
-65
253
1084
1942
1061
251
-624
-2746
-3631
-4555
-4996
-4358
-3184
-1453
-417
2088
2383
3777
3908
3816
2474
2770
588
340
-518
-1496
15
-368
2180
1268
2277
322
788
-3102
-2528
-4918
-5129
-3916
-4767
-1026
-1836
2022
1870
4348
3400
4672
3348
2249
2050
76
-774
-618
-1755
-1111
1540
1164
2636
2702
634
-485
-2204
-4786
-4501
-4747
-5275
-1887
-2141
446
2006
2661
3879
4410
2618
3200
1694
-196
215
-1416
-1154
-1088
93
1680
3311
2451
3145
299
-940
-2903
-5319
-5636
-5426
-4983
-2876
-524
265
2901
3195
4004
4182
3095
2760
1276
518
-1516
-240
-2837
-538
-645
3024
2396
4125
2841
192
-934
-4616
-4708
-7149
-4665
-5659
-1202
-1126
2662
2680
4816
3999
3952
2552
1740
366
-626
-848
-1256
-1188
-190
347
3171
3004
3345
2238
-96
-2892
-3488
-6725
-5865
-4687
-4361
-472
1512
1679
4553
3919
3127
2962
1896
-168
116
-680
-1438
-370
-521
-568
2486
3755
3273
3826
1187
-871
-3584
-4685
-7003
-5762
-5204
-3141
-1026
1418
3212
4066
4550
3549
3144
1180
-404
-523
-1758
-775
-995
-458
793
2053
4501
4161
3281
1736
-2270
-4370
-6926
-6915
-6582
-4056
-1523
1142
2691
3697
4971
2580
3089
1990
-261
491
-1125
-405
-2184
924
-1179
1280
3620
4572
3012
3386
-74
-3584
-5159
-6614
-6797
-4687
-2166
-847
1918
3003
3227
3280
2862
2652
688
710
-1044
-592
-2099
-59
-655
677
1738
4690
5378
3125
2831
-1268
-4438
-6418
-6984
-7115
-4493
-2012
188
2602
3908
3639
3571
2389
870
798
-506
-970
92
-1284
413
-438
702
769
5250
5551
3595
2409
-2410
-5238
-7869
-6843
-6878
-3086
-1040
1246
3837
3080
4076
2775
2432
77
764
-1484
-791
-973
-225
225
1167
2011
1594
5210
3850
2522
793
-3590
-5498
-6137
-6652
-5116
-2237
-990
1754
3318
4059
2983
2811
1576
71
-1046
-1098
-884
-1025
441
1015
1459
1896
2895
5081
3740
2078
-905
-3729
-6689
-6261
-5998
-4810
-1892
849
1378
3186
3613
3456
1932
1534
-817
-1149
-1003
-47
-580
929
1205
1583
-78
2831
5359
4695
1876
54
-5110
-7025
-7291
-7046
-4415
-296
1698
3020
4513
2514
2711
292
-30
-502
-85
-892
-124
1062
430
1375
2149
571
1908
4374
4322
1115
-438
-3716
-7334
-6528
-6791
-3696
-758
2554
2986
4614
2135
1578
213
271
-614
-1008
-661
466
-183
1990
802
2748
1186
2665
3986
3340
982
-2204
-4273
-6135
-5950
-5743
-3167
-602
1440
2451
3391
2679
1398
412
1007
-339
-608
-768
649
-735
1656
1223
1544
1313
2292
4619
4783
1609
-2011
-5435
-7586
-7992
-6201
-1255
1171
2589
2408
3595
2515
995
-83
-546
-1248
-1154
714
1089
1451
1949
1392
756
506
1779
5324
2418
1259
-1115
-4177
-8228
-6406
-5390
-1748
-771
3602
3830
3716
1262
675
-778
-1592
-934
-480
1335
1323
2959
934
865
305
-23
791
5629
5154
851
-1273
-5155
-7275
-8141
-4588
-2211
538
2868
2824
3350
1006
1472
-207
1478
-1238
-615
-1993
-354
1219
2365
3787
1887
1681
827
4304
2677
-703
-2421
-5151
-7137
-5691
-2380
-1924
601
1965
3205
1024
1441
497
37
150
355
-47
-476
1301
687
1442
2081
1464
-152
620
5576
4170
1346
-2820
-4802
-9164
-7329
-3470
348
1025
3299
3468
1418
857
97
-192
-1849
-336
-78
889
1781
2568
2169
474
324
-1029
1308
4776
6994
1191
-2956
-7002
-7776
-8558
-3105
-236
1748
3643
4203
2328
-886
-935
-871
-736
731
785
1199
500
894
1674
1804
1499
845
780
3207
5210
780
-3392
-5744
-6251
-7842
-4461
598
3035
2403
1626
1605
-191
867
112
402
-685
718
20
309
682
1765
1758
2289
2026
1068
3621
4621
192
-5276
-7611
-6195
-6056
-1884
946
3578
1380
1767
406
245
-1677
-846
1499
1011
1356
842
1456
978
445
-307
708
1284
2440
5825
5488
435
-4998
-7181
-8450
-6720
-1974
956
1613
2241
3322
2417
1062
-599
-1824
-2370
-1226
944
2303
3109
3311
1155
-248
-676
351
1170
5726
6076
-592
-5565
-6204
-5933
-6386
-2196
545
1968
-207
2399
2772
1670
-45
225
-1002
-3263
-526
1412
4610
3008
2150
-515
68
-1900
511
6186
8809
466
-6057
-8505
-6721
-6642
-2169
1795
2290
2314
1182
1409
-305
895
-684
-185
-2084
164
1992
3129
2343
2096
943
-1536
-1055
78
6345
9281
2536
-6509
-10185
-8030
-6015
-2422
3095
4242
2962
-1275
-440
-218
-997
-514
1191
2934
842
751
-676
1335
386
1081
1449
1341
750
4325
7765
2765
-5374
-9380
-7691
-6157
-2479
182
3094
3787
1673
-246
-1101
-388
-1501
-154
1422
2376
1800
969
1136
44
898
176
1030
736
3275
7111
4615
-2042
-8499
-8025
-6473
-5319
-1339
3800
3521
1598
639
-168
-430
-105
786
-700
-728
-108
2522
2731
3689
1520
-46
-1782
-1080
350
7600
7658
1424
-7066
-8027
-7980
-6502
-2274
1480
3579
1339
1670
357
767
617
390
-1383
-1261
-324
1454
3417
4119
1556
-396
-1294
-654
967
5939
8163
2045
-4996
-8852
-8467
-6234
-2535
1913
3254
2558
-91
-837
-650
245
1511
227
316
-415
1221
2088
3053
1582
327
-1873
-2316
-65
7143
10803
6218
-4561
-9745
-11703
-7282
-2744
3299
4240
2912
-1284
-1704
-1116
239
618
1088
1779
1074
506
922
1688
551
-208
1294
377
294
1462
8185
8145
-475
-7739
-9490
-7293
-6425
-103
2628
3628
134
511
-928
-1640
-666
1480
2511
984
1890
281
-430
93
2151
888
231
1461
1433
3217
7255
4064
-3570
-8322
-7496
-6081
-4019
-222
2626
1290
746
309
403
26
628
702
-147
-383
850
2573
1492
1404
1752
1182
-981
-1109
495
6640
8451
2693
-5248
-8098
-8535
-7502
-2026
628
2384
1414
2479
61
-895
-485
138
494
-169
2022
2428
1128
312
61
1085
2032
1827
-8
-292
5423
5648
1806
-4108
-6475
-10281
-7341
-2969
2560
3707
3083
182
-1087
-960
68
1018
1377
1522
-192
527
536
1955
714
2220
1272
1249
-669
2570
5809
4654
-1728
-5428
-7909
-7131
-5361
-1144
1989
3610
1034
-1968
-1513
1257
1236
195
2226
1753
-339
17
967
1045
994
2012
1835
-372
-366
4416
8058
2500
-3843
-6768
-7213
-8034
-3924
772
1973
1209
1722
1251
-1805
-552
580
1464
-10
1020
2251
1320
932
708
20
861
1728
512
399
5596
7704
1755
-5145
-7506
-8872
-6129
-3243
1844
1880
1888
-430
95
-845
133
983
762
1313
1204
2240
188
926
-232
1888
-18
2124
936
2014
4559
5937
413
-5517
-6510
-6687
-6535
-3471
1378
1855
1410
-86
1085
-639
-529
-421
1784
2733
1048
434
729
779
526
1609
1105
157
252
3147
7315
5448
-2023
-6477
-7394
-6537
-4461
-1859
1086
990
-166
-284
23
-484
1139
2144
1961
-142
-321
885
1632
1449
1805
1778
-164
-249
-162
1486
7302
7647
928
-6519
-8637
-8675
-6264
-125
2445
1970
-515
-245
-1742
-1278
899
2874
2333
945
490
135
540
1264
1606
1443
617
21
318
1116
5844
7752
2953
-4804
-9581
-10253
-6998
-1105
3360
4208
578
-2801
-3766
-1437
572
3490
3961
3024
-585
-517
34
-552
552
3431
3738
527
-581
203
2013
6477
4136
-684
-6251
-7430
-8212
-6117
-1182
2865
3184
1353
-152
-3260
-1909
535
3261
2272
3416
2125
-1425
-2485
407
3352
2191
1301
804
438
1471
7080
4689
-1075
-7390
-6780
-7146
-5408
-1678
2874
2553
-273
-833
-2225
-2126
-554
4401
3346
2661
1874
-603
-2489
-572
3580
2244
1999
1079
607
-939
4889
6878
2652
-4571
-7850
-8161
-6391
-1644
1213
1220
-879
-351
-406
-1105
701
2849
2401
908
192
-114
426
1446
2701
1393
1074
113
181
535
4471
7218
3155
-3272
-7415
-7623
-6819
-2302
775
1700
-755
-1441
-2232
-1264
990
3550
3375
1399
866
-211
-694
-634
1713
2678
2944
2008
660
-774
91
5358
6828
539
-4882
-7358
-6000
-6303
-2691
121
2242
307
-273
-2297
-1945
-416
2570
4246
3533
1342
-371
-781
-1281
551
2275
2898
2229
1730
328
2321
5132
2902
-2602
-6023
-5316
-6449
-5160
-928
1960
826
-1802
-948
-929
12
1460
3411
2257
745
565
-394
324
1476
3567
1441
475
104
328
896
5579
6516
1691
-4525
-6889
-7255
-5635
-2976
-217
390
927
-571
-1970
-640
252
1725
2541
2789
1186
-187
388
565
1206
1042
2789
2253
964
-1844
1453
6326
5302
-189
-3516
-7245
-8464
-6622
-778
628
1357
218
-414
-2206
-1077
861
2352
3018
2229
904
-380
289
786
1545
1939
2399
1875
186
-510
2897
5700
3809
-1625
-4965
-6458
-7517
-4414
-615
972
80
-1267
-2626
-2170
500
3203
3687
2895
1069
-415
-1199
-417
1318
3139
2993
2208
822
-562
119
3546
6410
2338
-2114
-6375
-7620
-6648
-2792
342
527
229
-1916
-1658
-2461
1420
1616
3814
2085
2272
-459
26
396
922
2644
1598
2128
-35
1050
-276
5333
6532
3063
-3834
-7127
-8639
-7430
-2105
1052
3007
75
-1695
-4891
-2499
508
2982
3639
4024
2317
-669
-995
-910
1143
2843
3259
2104
813
-590
119
4690
5898
1639
-2531
-5936
-7611
-8159
-2908
1036
1275
21
-191
-2235
-2886
-926
2319
3296
3892
2735
1482
-775
-1223
-524
703
2850
4327
3044
329
-30
2363
3880
2061
-1190
-5238
-6986
-6054
-3075
-1078
69
-260
-1305
-2330
-1165
-70
1374
2805
3797
1509
831
593
783
-141
1112
2042
2171
1729
89
1262
4575
5340
1748
-2881
-6002
-6841
-6393
-2235
-240
863
-2064
-2287
-2305
-75
535
1791
2820
1663
2270
-61
706
-117
2432
1730
2324
1738
501
-589
274
3480
6092
4121
-841
-4846
-8180
-7627
-4151
702
-26
-553
-1385
-2265
-2535
-335
2495
3481
3610
1517
-329
-1368
188
1524
3404
3794
2635
-97
-1395
-2126
1398
7399
6852
2005
-4445
-7057
-9267
-7608
-3314
1740
2570
1329
-642
-3587
-3405
-909
2840
3657
4197
2142
504
-1319
-246
1388
3511
2294
2156
-398
-780
-216
5404
6400
3369
-2783
-6674
-8690
-8022
-3212
625
2235
596
-1155
-2934
-2936
-99
2226
3306
2711
2709
1154
197
-362
380
1089
2470
2735
1702
565
-465
2808
5192
3455
-926
-4606
-7127
-8472
-4587
-426
2176
-128
-793
-2955
-2791
-1364
1935
4042
4332
2589
-110
-1606
-149
1838
2398
2252
2430
1119
-149
-1112
2894
5887
4304
-157
-3905
-6488
-6969
-4968
-2018
-972
-84
-1014
-1531
-1229
130
1107
2601
2166
762
63
346
1592
2822
3501
1377
579
-1182
-409
22
2326
6098
7002
2363
-4064
-7016
-7559
-6149
-2912
-521
170
18
-700
-2101
-1860
-504
1569
2732
3368
2033
239
583
-208
1320
2169
3561
1647
474
-464
-1884
1341
7355
7052
770
-4544
-7952
-8988
-6226
-1096
887
1197
-396
-1365
-3610
-1444
1134
3217
2994
2292
1793
-112
-655
-57
2796
2754
3843
1102
-530
-2578
13
3866
7601
5022
-112
-6023
-10021
-8912
-4811
329
1701
2329
-388
-3236
-3992
-1806
1022
4274
5256
3233
241
-603
-840
-108
1791
3661
3699
525
-681
-1169
2156
5383
6348
669
-3719
-7459
-6950
-5845
-2780
259
464
147
-2102
-2356
-2361
527
1891
3649
3704
2098
475
-613
-286
1396
3404
1975
724
288
465
-241
2841
7514
5366
-1746
-6501
-7856
-7324
-3151
7
1667
-1332
-2343
-3870
-2256
-642
3576
4066
2944
1284
101
-1126
-959
2776
3416
3343
2052
695
-1547
-2206
643
4470
8268
4615
-238
-7406
-9704
-8685
-2880
1393
1103
102
-1951
-2962
-2972
-392
1667
3779
4415
2042
540
-989
-447
443
2605
3166
3200
1391
-654
-762
-826
2814
5936
5154
110
-4482
-9119
-8845
-5348
-1198
2195
2508
682
-3699
-4558
-2222
2570
4824
4549
2519
-646
-1827
-112
2470
2004
3125
2626
793
-1648
-742
325
4284
6794
4616
-1761
-6870
-8388
-8633
-4153
259
2681
775
-541
-2319
-3012
-2065
1095
3661
3630
3411
1776
2
-1262
222
1955
2828
1749
815
669
-265
-101
3112
6343
3118
-1187
-5330
-7718
-7981
-3722
184
1039
936
-291
-2429
-2924
-1704
1022
3579
4268
2118
686
-310
-685
1385
2444
3181
1305
-230
-1121
-539
919
4014
7927
3998
-2061
-6990
-7746
-8339
-3278
1358
2820
102
-1389
-3552
-4522
-821
3524
4653
3016
2073
-872
-1302
258
2276
2720
2895
1880
-377
-1113
-966
406
2433
6714
5324
-245
-5285
-6810
-7170
-5401
-1156
1054
1754
-306
-2123
-2953
-1617
1208
2781
3397
2196
233
-808
453
2017
1626
2549
1946
1055
-776
-1398
-1110
1307
6411
6577
2764
-3268
-7974
-9792
-6481
-1083
2604
3009
289
-3181
-4276
-3050
635
4122
4891
3079
419
-1250
-1818
15
2622
4170
3577
1151
-1103
-2458
-1625
539
5268
6814
2911
-2471
-6297
-6908
-5914
-1459
1010
1074
-875
-1795
-2987
-1996
796
3077
2914
1823
929
-404
-1298
-564
2366
3746
2870
1068
-256
-1368
-1603
-324
2818
6298
4484
151
-4426
-6099
-6812
-4240
-888
2152
735
-438
-2279
-2499
-1089
1105
2815
2520
2286
518
-353
-711
831
1916
2671
1770
528
-254
-1192
-714
736
4367
4718
1391
-2478
-4694
-5811
-4539
-1068
1214
843
-554
-2015
-2781
-1760
942
2460
3114
2065
600
-1404
-1218
255
1905
2824
2890
984
-670
-1572
-1382
-197
2881
5765
3878
-659
-4182
-5748
-5679
-2904
938
1831
315
-1402
-2521
-2614
-413
1972
3058
2044
1128
4
-759
-147
1061
1940
2057
1621
182
-1265
-849
336
1140
2406
3449
846
-1960
-3539
-3678
-3045
-468
572
300
-859
-1463
-1451
-822
314
926
1853
1110
747
-293
119
430
844
858
947
392
464
179
187
106
668
2479
2365
383
-1855
-3058
-3253
-2365
-609
338
205
-428
-1100
-1173
-608
655
1352
1489
898
333
-66
314
442
1016
951
794
102
-2
-174
292
409
970
1764
1460
-625
-1876
-2555
-2049
-1377
-12
238
-68
-873
-1022
-898
-120
867
1091
967
298
305
-218
356
432
671
654
757
230
-79
-143
273
499
-438
-181
-156
222
-342
53
194
-38
-766
-746
-396
693
-172
-471
-381
369
297
33
74
-586
-392
-241
418
183
430
1188
723
-1060
-1697
-454
679
1061
1501
554
-887
-1532
-24
-75
205
880
1098
-88
-1187
-834
-311
517
969
982
-602
-726
-818
-408
373
1480
1001
-554
-1336
0
0
0
0
0
0
0
0
0
0
0
0
0
0
0
0
0
0
0
0
0
0
0
0
0
0
0
0
0
0
0
0
0
0
0
0
0
0
0
0
0
0
0
0
0
0
0
0
0
0
0
0
0
0
0
0
0
0
0
0
0
0
0
0
0
0
0
0
0
0
0
0
0
0
0
0
0
0
0
0
0
0
0
0
0
0
0
0
0
0
0
0
0
0
0
0
0
0
0
0
0
0
0
0
0
0
0
0
0
0
0
0
0
0
0
0
0
0
0
0
0
0
0
0
0
0
0
0
0
0
0
0
0
0
0
0
0
0
0
0
0
0
0
0
0
0
0
0
0
0
0
0
0
0
0
0
0
0
0
0
0
0
0
0
0
0
0
0
0
0
0
0
0
0
0
0
0
0
0
0
0
0
0
0
0
0
0
0
0
0
0
0
0
0
0
0
0
0
0
0
0
0
0
0
0
0
0
0
0
0
0
0
0
0
0
0
0
0
0
0
0
0
0
0
0
0
0
0
0
0
0
0
0
0
0
0
0
0
0
0
0
0
0
0
0
0
0
0
0
0
0
0
0
0
0
0
0
0
0
0
0
0
0
0
0
0
0
0
0
0
0
0
0
0
0
0
0
0
0
0
0
0
0
0
0
0
0
0
0
0
0
0
0
0
0
0
0
0
0
0
0
0
0
0
0
0
0
0
0
0
0
0
0
0
0
0
0
0
0
0
0
0
0
0
0
0
0
0
0
0
0
0
0
0
0
0
0
0
0
0
0
0
0
0
0
0
0
0
0
0
0
0
0
0
0
0
0
0
0
0
0
0
0
0
0
0
0
0
0
0
0
0
0
0
0
0
0
0
0
0
0
0
0
0
0
0
0
0
0
0
0
0
0
0
0
0
0
0
0
0
0
0
0
0
0
0
0
0
0
0
0
0
0
0
0
0
0
0
0
0
0
0
0
0
0
0
0
0
0
0
0
0
0
0
0
0
0
0
0
0
0
0
0
0
0
0
0
0
0
0
0
0
0
0
0
0
0
0
0
0
0
0
0
0
0
0
0
0
0
0
0
0
0
0
0
0
0
0
0
0
0
0
0
0
0
0
0
0
0
0
0
0
0
0
0
0
0
0
0
0
0
0
0
0
0
0
0
0
0
0
0
0
0
0
0
0
0
0
0
0
0
0
0
0
0
0
0
0
0
0
0
0
0
0
0
0
0
0
0
0
0
0
0
0
0
0
0
0
0
0
0
0
0
0
0
0
0
0
0
0
0
0
0
0
0
0
0
0
0
0
0
0
0
0
0
0
0
0
0
0
0
0
0
0
0
0
0
0
0
0
0
0
0
0
0
0
0
0
0
0
0
0
0
0
0
0
0
0
0
0
0
0
0
0
0
0
0
0
0
0
0
0
0
0
0
0
0
0
0
0
0
0
0
0
0
0
0
0
0
0
0
0
0
0
0
0
0
0
0
0
0
0
0
0
0
0
0
0
0
0
0
0
0
0
0
0
0
0
0
0
0
0
0
0
0
0
0
0
0
0
0
0
0
0
0
0
0
0
0
0
0
0
0
0
0
0
0
0
0
0
0
0
0
0
0
0
0
0
0
0
0
0
0
0
0
0
0
0
0
0
0
0
0
0
0
0
0
0
0
0
0
0
0
0
0
0
0
0
0
0
0
0
0
0
0
0
0
0
0
0
0
0
0
0
0
0
0
0
0
0
0
0
0
0
0
0
0
0
0
0
0
0
0
0
0
0
0
0
0
0
0
0
0
0
0
0
0
0
0
0
0
0
0
0
0
0
0
0
0
0
0
0
0
0
0
0
0
0
0
0
0
0
0
0
0
0
0
0
0
0
0
0
0
0
0
0
0
0
0
0
0
0
0
0
0
0
0
0
0
0
0
0
0
0
0
0
0
0
0
0
0
0
0
0
0
0
0
0
0
0
0
0
0
0
0
0
0
0
0
0
0
0
0
0
0
0
0
0
0
0
0
0
0
0
0
0
0
0
0
0
0
0
0
0
0
0
0
0
0
0
0
0
0
0
0
0
0
0
0
0
0
0
0
0
0
0
0
0
0
0
0
0
0
0
0
0
0
0
0
0
0
0
0
0
0
0
0
0
0
0
0
0
0
0
0
0
0
0
0
0
0
0
0
0
0
0
0
0
0
0
0
0
0
0
0
0
0
0
0
0
0
0
0
0
0
0
0
0
0
0
0
0
0
0
0
0
0
0
0
0
0
0
0
0
0
0
0
0
0
0
0
0
0
0
0
0
0
0
0
0
0
0
0
0
0
0
0
0
0
0
0
0
0
0
0
0
0
0
0
0
0
0
0
0
0
0
0
0
0
0
0
0
0
0
0
0
0
0
0
0
0
0
0
0
0
0
0
0
0
0
0
0
0
0
0
0
0
0
0
0
0
0
0
0
0
0
0
0
0
0
0
0
0
0
0
0
0
0
0
0
0
0
0
0
0
0
0
0
0
0
0
0
0
0
0
0
0
0
0
0
0
0
0
0
0
0
0
0
0
0
0
0
0
0
0
0
0
0
0
0
0
0
0
0
0
0
0
0
0
0
0
0
0
0
0
0
0
0
0
0
0
0
0
0
0
0
0
0
0
0
0
0
0
0
0
0
0
0
0
0
0
0
0
0
0
0
0
0
0
0
0
0
0
0
0
0
0
0
0
0
0
0
0
0
0
0
0
0
0
0
0
0
0
0
0
0
0
0
0
0
0
0
0
0
0
0
0
0
0
0
0
0
0
0
0
0
0
0
0
0
0
0
0
0
0
0
0
0
0
0
0
0
0
0
0
0
0
0
0
0
0
0
0
0
0
0
0
0
0
0
0
0
0
0
0
0
0
0
0
0
0
0
0
0
0
0
0
0
0
0
0
0
0
0
0
0
0
0
0
0
0
0
0
0
0
0
0
0
0
0
0
0
0
0
0
0
0
0
0
0
0
0
0
0
0
0
0
0
0
0
0
0
0
0
0
0
0
0
0
0
0
0
0
0
0
0
0
0
0
0
0
0
0
0
0
0
0
0
0
0
0
0
0
0
0
0
0
0
0
0
0
0
0
0
0
0
0
0
0
0
0
0
0
0
0
0
0
0
0
0
0
0
0
0
0
0
0
0
0
0
0
0
0
0
0
0
0
0
0
0
0
0
0
0
0
0
0
0
0
0
0
0
0
0
0
0
0
0
0
0
0
0
0
0
0
0
0
0
0
0
0
0
0
0
0
0
0
0
0
0
0
0
0
0
0
0
0
0
0
0
0
0
0
0
0
0
0
0
0
0
0
0
0
0
0
0
0
0
0
0
0
0
0
0
0
0
0
0
0
0
0
0
0
0
0
0
0
0
0
0
0
0
0
0
0
0
0
0
0
0
0
0
0
0
0
0
0
0
0
0
0
0
0
0
0
0
0
0
0
0
0
0
0
0
0
0
0
0
0
0
0
0
0
0
0
0
0
0
0
0
0
0
0
0
0
0
0
0
0
0
0
0
0
0
0
0
0
0
0
0
0
0
0
0
0
0
0
0
0
0
0
0
0
0
0
0
0
0
0
0
0
0
0
0
0
0
0
0
0
0
0
0
0
0
0
0
0
0
0
0
0
0
0
0
0
0
0
0
0
0
0
0
0
0
0
0
0
0
0
0
0
0
0
0
0
0
0
0
0
0
0
0
0
0
0
0
0
0
0
0
0
0
0
0
0
0
0
0
0
0
0
0
0
0
0
0
0
0
0
0
0
0
0
0
0
0
0
0
0
0
0
0
0
0
0
0
0
0
0
0
0
0
0
0
0
0
0
0
0
0
0
0
0
0
0
0
0
0
0
0
0
0
0
0
0
0
0
0
0
0
0
0
0
0
0
0
0
0
0
0
0
0
0
0
0
0
0
0
0
0
0
0
0
0
0
0
0
0
0
0
0
0
0
0
0
0
0
0
0
0
0
0
0
0
0
0
0
0
0
0
0
0
0
0
0
0
0
0
0
0
0
0
0
0
0
0
0
0
0
0
0
0
0
0
0
0
0
0
0
0
0
0
0
0
0
0
0
0
0
0
0
0
0
0
0
0
0
0
0
0
0
0
0
0
0
0
0
0
0
0
0
0
0
0
0
0
0
0
0
0
0
0
0
0
0
0
0
0
0
0
0
0
0
0
0
0
0
0
0
0
0
0
0
0
0
0
0
0
0
0
0
0
0
0
0
0
0
0
0
0
0
0
0
0
0
0
0
0
0
0
0
0
0
0
0
0
0
0
0
0
0
0
0
0
0
0
0
0
0
0
0
0
0
0
0
0
0
0
0
0
0
0
0
0
0
0
0
0
0
0
0
0
0
0
0
0
0
0
0
0
0
0
0
0
0
0
0
0
0
0
0
0
0
0
0
0
0
0
0
0
0
0
0
0
0
0
0
0
0
0
0
0
0
0
0
0
0
0
0
0
0
0
0
0
0
0
0
0
0
0
0
0
0
0
0
0
0
0
0
0
0
0
0
0
0
0
0
0
0
0
0
0
0
0
0
0
0
0
0
0
0
0
0
0
0
0
0
0
0
0
0
0
0
0
0
0
0
0
0
0
0
0
0
0
0
0
0
0
0
0
0
0
0
0
0
0
0
0
0
0
0
0
0
0
0
0
0
0
0
0
0
0
0
0
0
0
0
0
0
0
0
0
0
0
0
0
0
0
0
0
0
0
0
0
0
0
0
0
0
0
0
0
0
0
0
0
0
0
0
0
0
0
0
0
0
0
0
0
0
0
0
0
0
0
0
0
0
0
0
0
0
0
0
0
0
0
0
0
0
0
0
0
0
0
0
0
0
0
0
0
0
0
0
0
0
0
0
0
0
0
0
0
0
0
0
0
0
0
0
0
0
0
0
0
0
0
0
0
0
0
0
0
0
0
0
0
0
0
0
0
0
0
0
0
0
0
0
0
0
0
0
0
0
0
0
0
0
0
0
0
0
0
0
0
0
0
0
0
0
0
0
0
0
0
0
0
0
0
0
0
0
0
0
0
0
0
0
0
0
0
0
0
0
0
0
0
0
0
0
0
0
0
0
0
0
0
0
0
0
0
0
0
0
0
0
0
0
0
0
0
0
0
0
0
0
0
0
0
0
0
0
0
0
0
0
0
0
0
0
0
0
0
0
0
0
0
0
0
0
0
0
0
0
0
0
0
0
0
0
0
0
0
0
0
0
0
0
0
0
0
0
0
0
0
0
0
0
0
0
0
0
0
0
0
0
0
0
0
0
0
0
0
0
0
0
0
0
0
0
0
0
0
0
0
0
0
0
0
0
0
0
0
0
0
0
0
0
0
0
0
0
0
0
0
0
0
0
0
0
0
0
0
0
0
0
0
0
0
0
0
0
0
0
0
0
0
0
0
0
0
0
0
0
0
0
0
0
0
0
0
0
0
0
0
0
0
0
0
0
0
0
0
0
0
0
0
0
0
0
0
0
0
0
0
0
0
0
0
0
0
0
0
0
0
0
0
0
0
0
0
0
0
0
0
0
0
0
0
0
0
0
0
0
0
0
0
0
0
0
0
0
0
0
0
0
0
0
0
0
0
0
0
0
0
0
0
0
0
0
0
0
0
0
0
0
0
0
0
0
0
0
0
0
0
0
0
0
0
0
0
0
0
0
0
0
0
0
0
0
0
0
0
0
0
0
0
0
0
0
0
0
0
0
0
0
0
0
0
0
0
0
0
0
0
0
0
0
0
0
0
0
0
0
0
0
0
0
0
0
0
0
0
0
0
0
0
0
0
0
0
0
0
0
0
0
0
0
0
0
0
0
0
0
0
0
0
0
0
0
0
0
0
0
0
0
0
0
0
0
0
0
0
0
0
0
0
0
0
0
0
0
0
0
0
0
0
0
0
0
0
0
0
0
0
0
0
0
0
0
0
0
0
0
0
0
0
0
0
0
0
0
0
0
0
0
0
0
0
0
0
0
0
0
0
0
0
0
0
0
0
0
0
0
0
0
0
0
0
0
0
0
0
0
0
0
0
0
0
0
0
0
0
0
0
0
0
0
0
0
0
0
0
0
0
0
0
0
0
0
0
0
0
0
0
0
0
0
0
0
0
0
0
0
0
0
0
0
0
0
0
0
0
0
0
0
0
0
0
0
0
0
0
0
0
0
0
0
0
0
0
0
0
0
0
0
0
0
0
0
0
0
0
0
0
0
0
0
0
0
0
0
0
0
0
0
0
0
0
0
0
0
0
0
0
0
0
0
0
0
0
0
0
0
0
0
0
0
0
0
0
0
0
0
0
0
0
0
0
0
0
0
0
0
0
0
0
0
0
0
0
0
0
0
0
0
0
0
0
0
0
0
0
0
0
0
0
0
0
0
0
0
0
0
0
0
0
0
0
0
0
0
0
0
0
0
0
0
0
0
0
0
0
0
0
0
0
0
0
0
0
0
0
0
0
0
0
0
0
0
0
0
0
0
0
0
0
0
0
0
0
0
0
0
0
0
0
0
0
0
0
0
0
0
0
0
0
0
0
0
0
0
0
0
0
0
0
0
0
0
0
0
0
0
0
0
0
0
0
0
0
0
0
0
0
0
0
0
0
0
0
0
0
0
0
0
0
0
0
0
0
0
0
0
0
0
0
0
0
0
0
0
0
0
0
0
0
0
0
0
0
0
0
0
0
0
0
0
0
0
0
0
0
0
0
0
0
0
0
0
0
0
0
0
0
0
0
0
0
0
0
0
0
0
0
0
0
0
0
0
0
0
0
0
0
0
0
0
0
0
0
0
0
0
0
0
0
0
0
0
0
0
0
0
0
0
0
0
0
0
0
0
0
0
0
0
0
0
0
0
0
0
0
0
0
0
0
0
0
0
0
0
0
0
0
0
0
0
0
0
0
0
0
0
0
0
0
0
0
0
0
0
0
0
0
0
0
0
0
0
0
0
0
0
0
0
0
0
0
0
0
0
0
0
0
0
0
0
0
0
0
0
0
0
0
0
0
0
0
0
0
0
0
0
0
0
0
0
0
0
0
0
0
0
0
0
0
0
0
0
0
0
0
0
0
0
0
0
0
0
0
0
0
0
0
0
0
0
0
0
0
0
0
0
0
0
0
0
0
0
0
0
0
0
0
0
0
0
0
0
0
0
0
0
0
0
0
0
0
0
0
0
0
0
0
0
0
0
0
0
0
0
0
0
0
0
0
0
0
0
0
0
0
0
0
0
0
0
0
0
0
0
0
0
0
0
0
0
0
0
0
0
0
0
0
0
0
0
0
0
0
0
0
0
0
0
0
0
0
0
0
0
0
0
0
0
0
0
0
0
0
0
0
0
0
0
0
0
0
0
0
0
0
0
0
0
0
0
0
0
0
0
0
0
0
0
0
0
0
0
0
0
0
0
0
0
0
0
0
0
0
0
0
0
0
0
0
0
0
0
0
0
0
0
0
0
0
0
0
0
0
0
0
0
0
0
0
0
0
0
0
0
0
0
0
0
0
0
0
0
0
0
0
0
0
0
0
0
0
0
0
0
0
0
0
0
0
0
0
0
0
0
0
0
0
0
0
0
0
0
0
0
0
0
0
0
0
0
0
0
0
0
0
0
0
0
0
0
0
0
0
0
0
0
0
0
0
0
0
0
0
0
0
0
0
0
0
0
0
0
0
0
0
0
0
0
0
0
0
0
0
0
0
0
0
0
0
0
0
0
0
0
0
0
0
0
0
0
0
0
0
0
0
0
0
0
0
0
0
0
0
0
0
0
0
0
0
0
0
0
0
0
0
0
0
0
0
0
0
0
0
0
0
0
0
0
0
538
-538
-1231
-773
1423
1142
595
-1507
150
325
-811
-411
2188
-126
-3264
726
2251
-1164
-651
1982
3345
-3470
-4062
-73
2379
-11
1234
2641
747
-3541
-1953
-790
566
1248
1381
4497
4794
-3599
-6016
-4925
-251
-759
2024
4150
2136
-2304
-4134
-762
-646
799
1623
3341
2193
250
-1277
-1721
-3373
-1272
5481
5707
462
-3742
-3576
-701
3231
-665
519
-31
6644
2666
-4595
-9098
-2644
1685
250
-148
922
-170
-2674
95
1968
-955
-1356
2114
3231
741
-1945
-1430
1637
2598
2875
869
-865
-3590
-351
3056
2758
-648
-1229
-235
871
2797
1795
-540
-4600
-5332
-3144
-1402
1206
2444
3081
-2155
-5759
-1629
2768
4312
5
586
1500
59
-3541
480
3475
3592
1505
-497
514
-1855
-987
131
2270
625
244
3292
4410
-1403
-5107
-4586
-2542
-1972
-2651
390
2346
1708
-2586
-2939
-2159
2176
1586
2097
2663
906
-1214
-2349
906
1700
2220
2977
3653
-1500
-4297
-2748
1305
1715
3624
3714
5412
1646
-3974
-6994
-6131
-4182
-1364
1605
1864
148
-3519
-5404
-3180
205
5529
6128
2990
-2256
-2385
-2113
-78
2911
7382
4974
536
-4086
-1757
-2272
148
817
4833
3762
2488
2317
173
-2757
-6674
-4357
-3418
-1928
-1238
-667
-472
-2208
-1233
-1401
339
228
896
2879
2780
1695
-324
954
936
1651
959
1902
1511
1144
-348
-550
-30
524
1078
3974
6788
2758
-4087
-7679
-7883
-6173
-2096
1075
2911
-614
-4239
-5249
-3117
2606
4896
5030
2642
-74
-3395
-2208
1870
5418
5058
4194
1172
-2203
-4383
-1403
2056
4452
1593
644
3836
5287
132
-5468
-7839
-5200
-5824
-3569
-165
3548
514
-3538
-4520
-2132
425
2224
4736
3838
2100
-1354
-319
641
2960
2887
1804
2102
1008
-422
-484
111
-28
-158
3454
6924
5851
-1747
-7589
-9352
-8925
-3971
884
4091
1190
-1808
-4813
-4481
-2446
1329
5841
6382
2371
-666
-1677
-1133
615
4197
4374
3333
216
-1200
-1388
675
340
1386
2505
5931
3692
-1167
-5070
-5905
-7551
-4448
-1945
954
-844
-1351
-1513
-2705
-615
688
3259
1578
2756
1899
1078
-450
797
1070
2043
1952
3697
2205
106
-2930
-1763
-199
2040
6478
6852
3197
-4817
-7775
-9121
-6575
-3507
491
1825
980
-1217
-3098
-2185
-501
1401
2549
2625
3274
1588
564
372
1802
1266
1299
2279
1074
148
-627
1028
-162
1949
4559
5701
640
-4249
-6211
-7058
-5908
-3282
456
199
-231
-2216
-2073
-1960
359
2148
2215
4114
2107
94
-882
995
1751
3049
2416
2528
448
-1810
-881
215
1710
1889
6376
5205
70
-5637
-6346
-8340
-5675
-1753
2280
-255
-986
-1925
-2361
-1942
178
3391
3003
2659
965
1675
531
77
1004
2032
2441
2275
1015
112
-367
-633
-621
3729
5917
3677
-774
-3285
-7668
-8007
-6494
-1111
-409
632
337
14
-1253
-747
1455
-406
411
2361
2558
3018
1778
1989
-516
754
-39
1823
569
1402
1061
655
1194
4141
3693
-204
-2525
-4956
-6868
-6045
-4259
-1557
-537
1175
366
812
-1086
-938
139
1021
2230
2850
2405
1432
1885
174
530
322
1417
1187
1076
906
484
342
4174
3741
677
-462
-4325
-6539
-7007
-5466
-3142
-1151
1561
1128
1486
-1524
129
-1279
1518
1143
2430
2900
3390
1837
-36
202
-185
252
616
2874
1808
1634
848
1921
2666
-233
-694
-3034
-5021
-5499
-5185
-3910
-2358
-127
1182
925
630
996
302
332
-168
1730
2529
2732
1869
2637
480
-49
265
-509
918
1330
1756
2335
5150
2156
-367
-2425
-4718
-6951
-5666
-3829
-1660
-742
649
111
-297
-809
309
557
1894
1839
2655
1554
1775
101
1281
1382
1090
1398
816
58
-430
1374
3261
5275
1680
209
-3748
-6114
-7016
-5256
-3843
-1285
300
866
-258
461
159
-62
1197
1292
1625
2467
1696
1172
1415
549
828
764
961
714
805
465
1965
4106
2902
971
-956
-4037
-6258
-6080
-5620
-4214
-1455
275
1132
1452
725
522
644
679
1543
1286
2217
2321
1154
1155
886
418
458
1226
1002
169
1396
4350
3419
-4
-192
-2548
-6424
-4976
-5249
-4918
-2987
-11
-519
1156
1990
1219
1198
660
1175
1032
1793
1248
2318
767
1423
792
1160
-128
1241
-112
1763
3265
3636
1756
-61
-2404
-5758
-6276
-5936
-4933
-2582
-179
1355
1336
1548
236
-127
1398
972
1661
2424
1977
1918
813
943
-495
1707
211
563
1255
1786
3912
2083
1933
-1074
-1885
-5851
-5451
-6308
-4619
-3116
-1085
1139
1774
2040
2135
1186
401
891
639
896
1332
2478
881
2062
679
912
-328
-55
-58
2716
3391
3295
2013
234
-3662
-4983
-7052
-6914
-5407
-3178
-971
1786
2418
2083
3592
598
1561
569
1092
95
1697
1379
1611
1575
1023
802
154
74
468
3291
2472
2772
1798
-1779
-3754
-5979
-7414
-5918
-4385
-2817
-3
1775
2627
2486
3056
1293
1295
1461
274
1478
1272
898
1221
798
415
569
652
685
3572
2431
2158
2341
-1377
-3230
-4361
-7056
-5865
-4549
-3670
-1269
1170
670
3893
2440
2815
1689
1383
772
729
1052
-218
1821
-266
1926
210
1416
639
2937
2595
2091
1757
-621
-2821
-4288
-5752
-6640
-4442
-4639
-1400
-214
1538
1807
4047
2569
2891
2866
881
1491
-114
168
-264
110
444
538
978
1406
3820
2177
3606
1137
-562
-2360
-4272
-6113
-5942
-5910
-5033
-2833
-1031
976
2594
3978
3615
4886
2889
2510
1139
100
-33
-856
-5
-332
262
879
653
3856
2236
3017
2354
-801
-2249
-3769
-6963
-5742
-5935
-4776
-2526
22
448
4110
3141
4414
4391
3044
2288
1808
4
56
-540
-730
-59
-1029
687
1108
3670
1988
4153
735
282
-2946
-4355
-6075
-6432
-5724
-5180
-2009
-1225
2310
2749
4552
4335
4310
3358
2265
1558
98
234
-1285
-125
-1923
-300
538
2262
1693
4127
1514
1016
-577
-3694
-4641
-5953
-6402
-5617
-3445
-2848
762
1562
3384
5052
4228
5240
3904
3104
1302
1363
-1814
-257
-2666
-1368
-950
1521
566
3782
1472
1108
202
-2848
-3414
-4880
-4308
-4842
-1605
-2540
1475
1223
3417
2651
3709
2561
2425
1596
500
411
-641
-489
-1380
-167
112
2606
1902
2869
2075
-609
-933
-3484
-5287
-3848
-5621
-3388
-1054
-1580
1568
2339
1965
3737
3201
1836
2965
83
726
-295
-1375
-219
-764
-156
553
3114
891
3358
905
-89
-2034
-2500
-5468
-3042
-3913
-2747
223
-379
1694
2132
1257
2653
946
1760
628
716
-39
517
-365
306
-349
423
738
2575
2058
2078
1434
-882
-2294
-2961
-4091
-2851
-2502
-1489
-197
379
1494
1696
1212
1446
475
778
-388
1491
-1059
2055
-567
854
334
46
546
2185
1413
1274
1398
-1646
-1096
-3401
-2826
-3037
-1952
-2156
628
-275
1771
661
1924
275
1504
-193
532
-476
295
176
285
1310
212
885
24
1766
824
772
392
-868
-1457
-1858
-2688
-1646
-1722
-411
-308
1150
-130
1362
621
-53
852
-63
306
453
671
-233
1173
-116
433
393
304
1522
1626
-144
749
-1135
-2109
-1511
-2050
-1646
-443
279
-614
1146
109
110
962
-793
810
483
-1
878
609
-432
894
168
-62
790
165
1388
1028
438
71
-925
-1357
-1855
-1802
-870
-542
20
90
182
90
136
98
472
432
194
493
-90
114
357
81
454
567
80
58
1410
561
130
20
-869
-1159
-641
-1351
-711
-71
-308
-67
939
-561
266
26
-240
698
-279
762
180
378
155
-101
329
31
128
349
1042
562
-110
51
-1118
-856
-422
-562
-591
445
-222
-329
544
-825
832
-515
521
66
168
231
-134
357
290
281
-236
169
-7
622
974
319
-116
-8
-716
-1317
-315
-529
-248
370
-242
-5
62
167
-864
1110
-570
779
-21
346
-340
368
-114
191
228
354
269
-220
-132
-109
161
-411
567
-240
660
-822
-10
-186
-643
469
106
-52
357
-45
-774
438
-858
284
119
718
-539
706
-566
-375
242
123
-129
321
239
-245
398
-638
419
-248
225
-165
-232
469
-146
248
-25
-163
-82
136
-318
-149
640
-502
593
-48
-92
-408
322
-164
-421
703
169
-863
891
-235
-356
151
128
-512
598
-533
568
-395
204
-14
-84
270
-160
25
-366
222
-94
-241
632
141
155
-295
-251
-495
52
355
401
0
-235
318
-361
-373
336
-241
-71
459
80
-282
619
-829
-16
539
-620
470
-137
262
18
-338
-181
658
-474
310
-348
29
6
418
-494
446
-164
-175
-61
-180
156
41
606
-479
216
-154
-413
60
202
365
-581
701
-389
54
199
-257
-659
751
333
-680
491
-161
446
-1027
308
-308
660
126
-143
48
-88
-221
-160
-30
182
270
113
128
-435
25
-70
130
-406
202
956
-886
199
-173
-130
198
431
-244
-668
462
-450
715
146
-375
-236
496
-731
265
455
-542
594
-270
1
-290
653
-926
809
-424
115
111
-129
371
-266
-151
-275
392
-317
235
287
152
-410
-265
131
70
87
37
-405
938
-495
-561
663
24
-306
-39
392
-738
544
198
78
-556
395
-634
444
160
-90
-351
381
32
-460
864
-680
219
-608
589
-202
633
-369
109
-717
260
97
850
-627
12
-521
418
-283
453
530
-842
-219
412
-42
-92
464
-727
265
230
-90
-272
231
883
-1398
-31
969
-468
-785
1926
-876
-739
415
526
-306
-724
1138
-737
-140
469
498
-979
88
693
-601
-205
889
-868
291
287
-117
-424
475
72
-290
-149
278
-35
-205
322
439
-1055
364
240
-112
-311
370
361
-125
-978
588
529
-659
-183
666
64
-708
512
9
-195
-165
223
-249
401
216
-571
-306
792
-49
-402
350
-114
-577
166
732
-6
-791
530
66
-285
-590
1335
-740
-208
287
417
-820
495
179
-566
241
65
390
-793
353
-54
384
-510
485
-504
357
-127
45
-425
718
-367
-72
56
448
-728
570
-375
-266
498
449
-761
162
-40
678
-1098
13
1085
-758
131
948
-1690
511
812
-553
-555
999
-306
-546
712
9
-625
352
-160
390
-295
-25
32
-357
841
-352
43
-209
-189
194
275
-545
327
524
-547
-312
425
223
-444
-602
1145
-88
-205
-332
-76
785
-754
-355
1327
-497
-333
-152
452
-446
227
123
-126
305
93
-799
33
1164
-1158
-264
1561
-952
-65
63
591
-1429
1096
184
-690
440
122
-565
361
222
-318
-546
970
-126
-295
90
54
-361
210
37
-127
124
880
-1085
-90
286
494
-1275
870
309
-311
-181
540
-271
-737
481
512
-559
-103
448
180
-543
100
262
-197
-23
-209
315
-276
-85
735
-44
-637
872
-914
344
-818
459
-77
985
331
-570
-553
-545
666
-502
626
270
245
-602
-226
799
-1159
240
457
499
-1014
667
-195
7
-421
429
90
-97
297
-539
-6
-123
566
285
-1425
1050
983
-1352
-174
635
-755
19
672
623
-905
-132
769
-172
-1290
611
954
-934
-185
1038
-136
-558
214
246
-701
179
-250
469
-67
712
-67
-793
-284
957
-1072
11
682
1161
-1324
-18
-297
309
-225
1074
-905
125
63
551
-2380
1735
1315
-429
-1769
1336
-710
110
-87
111
-26
1184
-812
-328
440
-727
372
-348
6
999
266
-1393
99
1268
-871
-844
1726
-919
-479
-25
1506
-499
-618
415
-23
-186
-1260
1015
1191
-520
-826
1412
-1575
-487
888
1470
-1066
-819
29
1591
-2108
1176
-250
1461
-1601
465
-771
334
107
-1
-269
1947
-834
-1635
52
1765
-1041
-502
1158
191
-1751
-133
2526
-382
-1848
269
2100
-2374
61
1367
125
-1363
379
183
972
-632
-299
-248
718
-1088
-564
2412
593
-2617
-849
2476
601
-2070
145
1626
-1304
-1552
2225
1330
-2111
-245
1078
-361
-1206
581
1499
-2096
-654
2008
535
-2224
433
888
291
-2283
1117
1831
-416
-2045
2822
2135
-1487
-951
2119
179
-2166
-296
556
-1926
-2289
-626
82
-1180
-1537
197
853
-1059
189
1494
673
288
1125
1788
440
890
1110
2554
1985
1746
900
937
-1088
-1534
-1251
-1650
-2489
-2648
-2313
-2236
-2787
-2219
-1527
-628
-931
-128
1318
1470
706
1804
2397
2187
1340
2202
3480
3573
1956
1890
1546
-274
-1533
-1679
-2090
-2822
-3760
-3445
-3272
-2905
-2813
-1098
-444
186
386
1817
2415
2729
2520
3378
3229
2582
2490
3739
4541
2525
1329
923
-680
-2907
-3622
-3680
-4979
-5670
-5260
-4125
-4253
-2857
-1482
-386
-12
1721
2378
3418
3392
3969
4409
4150
3421
2639
3577
4720
2923
1582
26
-1453
-4206
-5427
-5411
-6014
-6382
-5731
-4830
-4826
-2716
-940
411
1618
3584
3863
4161
5241
5619
4615
3626
3694
2684
3494
4160
2892
565
-361
-2220
-4642
-5925
-5892
-6386
-6196
-5150
-4299
-3956
-1970
-44
993
1722
4019
4371
4757
4643
5460
4026
3470
2675
2352
1977
3310
2892
490
-834
-2096
-3995
-5490
-6066
-6559
-6431
-5571
-4280
-3584
-2154
-70
1454
2476
3496
4698
5285
4758
4422
4175
3518
2556
2136
2829
3581
1826
286
-701
-2147
-4220
-4972
-5922
-6332
-6480
-5141
-4393
-3412
-1902
-492
1388
2884
4114
4350
5235
4637
4613
3022
3515
2476
1869
2580
4525
2328
-314
-432
-1934
-3576
-5590
-5309
-6492
-6049
-6428
-4162
-3571
-1735
-996
1793
2383
4010
4073
5259
4626
4078
4376
3141
2440
1523
4027
3620
2401
-135
-104
-2217
-4329
-5485
-5254
-6348
-7083
-5408
-4461
-3244
-1574
194
1233
2319
3915
4516
4362
5142
4096
3722
1430
1812
930
1886
2622
1369
492
-1137
-1795
-4519
-4002
-5024
-4666
-4592
-3216
-2436
-1308
-231
1006
1500
2098
3023
3049
3071
2094
2604
2597
1484
771
1358
3434
2688
1430
812
-86
-2113
-3851
-3856
-4318
-3976
-3895
-2218
-1465
-809
104
1294
1926
1530
2597
2705
1341
1397
2172
1020
588
759
1219
3209
3260
1566
-244
-735
-2476
-3372
-3759
-2856
-3842
-3212
-2334
-1167
-1545
437
1075
1892
1322
2951
2273
1742
1208
1030
896
-1
569
790
3257
2928
874
-601
-654
-2466
-3313
-2522
-1963
-3251
-2240
-1159
-584
-376
651
1008
806
1321
1372
1191
1202
939
1111
778
968
217
910
3092
2783
1102
-555
-380
-2448
-2997
-2299
-1624
-2381
-1717
-1166
-875
-165
1795
929
1135
526
1519
-666
1208
760
1394
215
1322
1
921
2552
2445
-35
-495
-232
-1808
-2851
-1834
-1461
-2468
-1920
71
-776
-358
664
1830
442
15
1024
788
452
-9
1492
150
474
203
1482
1608
1227
218
-178
-711
-1596
-1246
-1773
-1698
-939
-518
-996
-296
761
268
253
803
178
106
450
937
436
349
519
597
-200
1063
2174
1666
15
-89
-726
-1895
-1945
-879
-588
-1425
-361
428
-172
-619
363
449
620
129
561
271
720
253
284
850
-411
272
713
2272
744
28
-105
-844
-1399
-1631
-335
-594
-1259
-349
-368
61
321
375
-141
-406
473
42
898
494
569
-790
791
-116
351
380
1588
433
83
-192
-265
-1061
-779
-477
-920
-302
-326
125
-648
597
6
394
-327
581
-467
444
69
845
-322
742
-132
131
202
1839
544
-726
27
501
-1560
-1414
827
-487
-1398
496
104
-668
-76
811
121
-705
526
707
-94
-512
747
665
-47
-346
750
12
-548
340
897
-216
-935
896
-152
-538
-376
469
224
-624
226
-39
-868
528
371
-724
-298
663
-98
-398
142
492
-791
715
-466
389
-365
615
-490
585
-272
156
-149
-246
284
191
291
-536
330
-475
585
-750
1003
-320
41
-579
469
-329
66
534
198
-888
217
355
-317
69
-40
646
-643
-152
-160
550
206
-648
102
480
-521
-3
437
-254
-468
546
507
-375
-417
-254
477
30
213
184
-614
202
62
-250
222
162
-450
403
80
-89
-566
166
401
-47
-285
361
41
-643
343
131
-243
609
-254
-297
-105
288
-198
10
820
-672
-171
102
432
-660
49
486
-128
-305
142
88
-88
25
231
-320
73
-124
2
211
-78
86
159
174
-396
-421
-17
469
181
58
227
-539
-465
276
449
-480
338
118
-8
-754
843
70
-1082
302
1124
-473
-713
603
463
-1459
830
282
-1
-388
558
-318
-668
406
609
-282
-69
153
-779
346
312
3
-442
883
-204
-1183
381
921
-138
-715
190
477
-314
-204
734
-635
-75
-209
1025
-507
-507
232
816
-674
-237
640
-439
-661
488
1058
-1111
162
914
-1241
-345
997
600
-1419
497
565
-409
-636
891
11
-297
-384
389
178
-45
46
-101
-485
41
635
91
-892
723
166
-644
98
225
-168
80
138
155
-629
414
-8
32
98
-16
-313
17
55
55
196
-51
254
-341
-90
-181
256
-256
146
293
102
-454
-21
516
-314
-381
115
330
-93
85
187
-216
-158
-16
164
340
-957
527
175
644
-1257
281
269
331
-667
572
-642
89
-31
604
23
-188
-477
518
-218
-431
401
336
-514
322
333
-436
-246
172
169
-371
182
925
-1115
-354
1205
-193
-659
-286
1110
-532
-376
608
195
-769
44
730
-708
105
395
242
-1062
360
705
-369
-340
331
-204
54
-221
645
-101
-177
-561
435
30
490
-691
-70
895
-1092
270
914
-842
-161
318
269
-523
150
-44
677
-398
-403
-219
840
-320
-314
405
501
-1362
787
98
119
-806
733
-124
-97
-175
450
-272
-95
264
-131
-262
354
11
-264
-36
322
24
63
-415
114
251
-723
760
-291
72
517
-932
591
175
-728
396
-184
-219
578
166
-244
-162
216
-324
62
2
-142
215
332
-469
294
138
-416
326
-631
415
10
73
-190
205
376
-436
-189
38
351
-589
534
-414
765
-845
541
-212
196
-511
508
-166
-400
780
-673
314
138
44
-678
531
403
-631
-262
575
-168
-129
354
-306
530
-469
-315
33
809
-304
-953
935
608
-832
-508
833
-327
-118
307
-381
593
-60
-464
7
256
-103
-331
775
-380
65
-725
1148
-189
-1019
610
849
-1036
-245
474
490
-682
277
-5
570
-901
-273
409
101
131
739
-173
-324
5
-980
185
736
-271
-583
1064
483
-551
-551
318
-148
-389
-32
931
-504
-260
575
604
-1459
707
372
-392
-1131
795
499
-114
17
-408
1340
-765
-1438
1041
184
-605
544
41
782
-1070
438
-1168
817
127
681
-1089
195
554
-752
1106
-1226
595
-528
779
-754
639
247
-638
-61
908
-1185
-75
631
230
-237
-364
596
268
48
-1818
997
578
-751
131
763
-168
-209
206
-583
-296
194
208
-115
689
289
-376
-619
351
-870
197
760
-150
462
-212
591
-700
-1422
161
1620
-440
-120
1113
-771
-766
137
362
-575
457
164
446
-675
54
274
574
-1902
1422
-360
272
-864
899
-272
916
-1410
631
169
-712
-196
1209
-432
-238
-44
746
-1032
647
-364
-171
-291
1403
-199
-399
-652
89
-312
790
252
152
6
-666
-422
53
507
391
-253
99
-929
832
320
354
-1414
919
-235
-392
-154
746
224
120
-756
86
-422
999
-131
-645
-438
1303
-432
-12
-280
1621
-1991
-1078
1598
806
-1094
1023
181
-823
-1567
1517
-55
-289
639
667
-1071
457
-487
-557
152
-102
-202
684
41
-932
539
-200
-162
190
246
-183
-230
201
-14
177
509
-209
-177
-581
14
973
1554
523
244
69
-8
-474
-266
-748
-1241
-524
-1942
-921
-428
-526
-1084
-135
294
-930
284
1461
1078
720
1683
1853
1442
1167
1526
1400
2622
2295
1601
690
719
-875
-1921
-2394
-2678
-3028
-3647
-3722
-3134
-2469
-2669
-1132
-771
-248
158
1723
1463
2007
2759
3405
2579
2380
2834
2668
3016
3200
2405
1122
-210
-1282
-2852
-3894
-3923
-4273
-4778
-4541
-3378
-3222
-2795
-1507
41
834
947
2457
3434
3936
3002
3601
3318
2962
1957
2714
3318
3278
1876
855
277
-1796
-3502
-4072
-4292
-5445
-5379
-4326
-4073
-3636
-2566
-1071
315
1592
2085
3045
4106
4561
4311
4461
4355
3284
1808
1419
2423
3438
2294
237
-320
-2593
-4409
-5658
-5238
-6266
-5785
-5294
-4412
-3508
-2063
-796
161
2374
3118
4056
4784
5265
4878
4138
4487
3213
2420
1263
2705
2651
1397
-18
-345
-1967
-5218
-5358
-5375
-5818
-6356
-5200
-4410
-3464
-1531
-357
1532
2085
3458
3909
4592
4578
5040
4503
3509
3400
1892
441
253
3317
2786
744
-1152
-1104
-3553
-5905
-5200
-5076
-5847
-6702
-4402
-3175
-1749
-558
1285
2267
2608
3966
5100
5072
3331
4352
3791
2649
1087
1695
755
1724
2396
2104
39
-1227
-1948
-4724
-5393
-6015
-5586
-6530
-4786
-3517
-2468
-1934
192
1944
2346
3972
5013
5319
4260
4717
4348
3254
1457
1323
1394
1640
2939
1628
578
-1073
-1479
-3992
-5304
-6046
-5774
-6329
-6086
-4128
-2926
-1928
-272
1132
2318
3706
4620
4395
4949
4860
4024
3893
2750
2300
480
726
2738
2571
738
-742
-401
-3220
-4978
-5644
-5142
-7105
-5930
-4315
-3039
-2858
-357
1238
1430
3015
4575
4759
3816
4689
3984
3528
2560
2194
1151
608
2115
2731
1440
-226
-452
-2443
-4079
-4738
-4840
-5485
-5277
-4379
-3953
-2950
-1715
738
1205
2161
3291
4055
4053
3611
3895
3081
2081
1511
1669
969
644
2849
2132
876
-570
-1174
-3018
-4326
-4261
-4382
-3904
-3966
-3452
-2845
-1482
-393
867
1921
2422
2687
3340
3101
3123
2998
2444
1691
1108
858
461
2109
2462
1487
359
-493
-1815
-3638
-4128
-4320
-4222
-4486
-3521
-2404
-1616
-414
570
1931
2070
2578
2829
3234
2686
2584
2506
2042
1174
717
784
1305
1565
647
566
-52
-1215
-2505
-2758
-3104
-3784
-3750
-3029
-2243
-1902
-700
242
1114
1172
1774
2047
2420
1830
2058
1774
1475
1138
754
621
481
1608
1196
634
-149
-383
-1277
-2008
-2302
-2362
-2246
-2473
-1767
-1279
-571
-364
278
858
1156
1216
1404
1702
1500
1226
1038
874
512
287
401
836
1223
724
391
-193
-667
-1341
-1606
-1609
-1555
-1620
-1299
-956
-755
-414
127
512
638
797
1075
1036
819
788
1027
700
356
305
295
395
1088
1090
665
-15
-226
-724
-1389
-1601
-1580
-1486
-1449
-1009
-646
-421
-30
439
708
714
949
959
975
792
726
634
605
328
237
197
453
689
422
141
-214
-318
-851
-960
-1089
-951
-955
-885
-632
-423
-249
45
269
422
508
366
579
452
444
332
202
389
222
338
133
143
45
-126
2
-117
58
-140
-38
-217
-158
-145
90
-203
-50
-174
-125
-328
-144
-109
156
91
-12
-17
278
-128
11
-174
268
10
146
122
206
41
-43
80
27
103
-84
102
-51
117
-71
113
-26
-120
-26
7
14
-76
49
79
88
-150
-7
4
26
-79
11
137
25
-63
-71
31
118
-124
-86
-5
109
28
11
96
5
-29
-78
19
-34
-39
102
110
-38
-137
-13
30
-33
15
50
32
-66
53
-2
-36
-29
43
48
-74
-23
14
48
-9
25
-22
2
-45
-40
32
64
49
-43
-41
-24
-11
-54
15
58
6
-32
-1
39
-21
-25
6
33
-39
20
24
13
-30
-19
13
-8
-2
2
8
-7
14
-3
15
14
-4
-46
-7
5
6
-18
38
57
-25
-6
-17
-12
-34
-17
26
24
18
12
-1
-23
-30
-9
5
4
10
38
19
-19
-21
-16
-12
-6
4
13
29
-4
4
-5
3
-25
-19
8
17
3
10
8
-7
-13
-9
12
-9
-4
-2
8
-4
-6
3
3
1
-5
5
2
-1
-3
1
2
-2
-1
1
2
-2
-1
1
1
-1
-1
1
0
-1
-1
1
0
-1
0
0
0
-1
0
0
0
0
0
0
0
0
0
0
0
0
0
0
0
0
0
0
0
0
0
0
0
0
0
0
0
0
0
0
0
0
0
0
0
0
0
0
0
0
0
0
0
0
0
0
0
0
0
0
0
0
0
0
0
0
0
0
0
0
0
0
0
0
0
0
0
0
0
0
0
0
0
0
0
0
0
0
0
0
0
0
0
0
0
0
0
0
0
0
0
0
0
0
0
0
0
0
0
0
0
0
0
0
0
0
0
0
0
0
0
0
0
0
0
0
0
0
0
0
0
0
0
0
0
0
0
0
0
0
0
0
0
0
0
0
0
0
0
0
0
0
0
0
0
0
0
0
0
0
0
0
0
0
0
0
0
0
0
0
0
0
0
0
0
0
0
0
0
0
0
0
0
0
0
0
0
0
0
0
0
0
0
0
0
0
0
0
0
0
0
0
0
0
0
0
0
0
0
0
0
0
0
0
-696
121
-569
1992
-1048
-971
2312
-1544
-350
-390
981
-252
-908
2491
708
-2856
-1171
1545
605
-1492
2360
256
-1317
-904
-121
1660
-729
-1086
1166
932
-840
74
86
-1548
546
-366
2461
590
-2616
-435
1046
-698
-1592
1250
2434
-404
-835
-588
1396
-1566
-1402
40
1892
1277
-634
-124
-665
600
-1869
348
937
-224
575
-801
1218
-250
102
-806
-159
24
-1431
1826
582
106
-682
295
-51
-752
-395
122
1038
469
-481
-315
422
-24
-110
44
-720
31
287
655
-440
-544
1105
-615
782
-22
-903
-551
-1512
2262
585
-111
1201
254
-2035
-1853
280
427
156
2035
1566
-248
-2071
-964
-422
500
-1301
661
2952
1104
478
-11
-819
909
-2693
-2698
-553
2659
2235
-79
409
466
-427
-2570
-894
372
1513
-441
374
1190
914
-834
-3120
759
1346
-281
336
587
244
-1558
-278
-905
1711
1370
-316
330
-1929
-176
-1695
435
1006
2193
1545
-261
-888
-3112
-717
152
237
1473
1456
1379
-730
-234
-1668
-665
-1288
-857
928
2764
1130
270
373
-341
-2519
-2555
-531
2021
94
1927
1096
1831
-1348
-2218
-154
-1982
611
-960
2254
350
1467
2856
3821
3149
1
-1550
-3977
-5127
-5136
-3702
-1788
-1681
-366
386
1673
1367
369
1830
1298
1949
1086
1961
1683
901
722
857
1479
507
859
1033
2649
3029
1542
1009
-1269
-3013
-5478
-5614
-5262
-4258
-2411
-1288
608
816
1766
1154
1573
888
236
359
123
1256
1226
2081
1861
2067
1520
921
460
1673
3694
3348
1839
-1334
-2482
-4600
-6136
-6609
-5229
-2500
-609
750
1535
2044
1120
520
108
705
1205
1544
1962
2210
1956
1448
456
485
718
1755
2790
4778
4498
2155
-1928
-5622
-6736
-6729
-5062
-3878
-1191
530
893
-220
-1445
-789
385
1580
1819
2338
2612
2271
1709
539
810
930
1889
1377
1318
1875
5186
5948
3642
-2340
-6549
-7315
-5102
-2346
-2114
-2092
-1918
-720
146
-720
-1264
-1778
178
1145
2615
1895
1942
1678
2065
1622
665
624
955
1981
2996
5226
6004
3793
-1182
-6353
-7909
-6676
-3044
-1202
-204
-505
-594
-1063
-1875
-2547
-2070
289
2570
3949
2960
1718
724
981
1373
1724
1602
1718
1731
2135
3789
4768
4294
786
-3754
-6947
-7183
-4583
-1820
369
-28
-380
-1877
-1744
-2364
-1691
-848
1562
3307
3488
1774
-203
-759
-2
1846
2680
3061
1924
631
743
2258
3629
2609
-843
-4654
-6758
-6199
-4259
-1927
10
1392
1825
1314
-213
-1766
-2944
-2042
439
3657
4862
4302
1696
-293
-1489
-1344
-472
920
2558
4542
6180
5227
1434
-4260
-8007
-8496
-5342
-1718
1356
1918
1596
-66
-1380
-3087
-3084
-1939
1251
3620
4976
3466
1544
-995
-1296
-722
1056
1924
2207
1447
1351
3018
4503
4248
0
-5146
-8970
-7902
-4230
315
1956
1899
301
-451
-1820
-2339
-2649
-935
1678
4161
4540
3208
867
-689
-929
-329
681
1270
1861
2185
3566
4501
4039
618
-3757
-7311
-7572
-5245
-1754
674
1391
690
-318
-1052
-1395
-1430
-1221
-99
1716
3527
4106
2770
704
-665
-768
17
752
1169
1374
2642
4803
5376
2999
-1922
-6134
-8348
-7151
-3965
-566
1805
2096
1160
-997
-2138
-2720
-1522
42
2258
3455
3441
2258
949
239
-86
308
261
788
956
2315
3687
5091
3575
524
-4442
-7026
-7429
-5016
-2315
-260
456
522
320
-98
-544
-776
-475
234
990
1421
2238
2794
2991
1960
501
-559
-809
-93
505
2847
5006
5928
3325
-1589
-6508
-8749
-7410
-4319
-476
1339
2027
755
-151
-1440
-1701
-1448
24
1561
2972
3136
2302
1093
325
344
533
1222
1121
1326
1406
3339
4051
3319
-412
-4006
-6628
-6013
-4418
-2074
-1064
-234
-141
91
-132
-363
-415
292
1411
1857
2166
1315
1137
616
1311
1101
1180
661
885
1250
2791
4068
3844
1396
-2629
-5854
-7126
-5530
-2973
-709
-56
-412
-1176
-1026
-88
904
1166
952
1117
1332
1858
1534
1054
658
891
1546
1920
1557
543
411
1950
3688
3852
1137
-2899
-6609
-7627
-5926
-2839
-493
350
-166
-499
-152
660
856
572
-129
567
1715
3218
2816
1484
-5
-100
1013
1563
1513
370
1608
3210
4912
3006
-1183
-6106
-8139
-6950
-3603
-815
192
-58
-668
-155
328
971
406
140
-302
918
2254
3341
3020
1671
522
-263
166
459
908
1612
3300
4388
3928
1152
-3360
-6756
-8155
-6386
-3504
-380
926
947
54
-522
-677
-221
509
1109
1780
1943
2417
2218
1857
652
-151
-206
500
1515
2050
3008
3751
3435
1509
-1916
-4988
-6486
-5783
-4072
-2155
-1439
-1154
-1061
-127
643
1452
1250
1129
884
1292
1786
2136
1768
1054
577
628
1034
1423
1544
1511
2468
2842
2870
582
-2299
-5455
-6309
-5707
-3657
-1947
-1092
-783
-895
-119
607
1861
2032
1919
1131
817
950
1340
1832
1732
1722
1115
1122
447
415
1330
3199
3884
2679
-534
-4075
-6225
-6270
-4840
-3275
-2054
-1517
-615
359
1409
1670
1265
784
553
1150
1755
2399
1859
1453
650
840
929
1392
995
1119
1897
3136
3455
1646
-1702
-5099
-6542
-6194
-4017
-2465
-1310
-1523
-1215
-554
1202
2156
2243
1486
920
1189
1769
2354
2034
1371
216
-67
339
1263
1803
2371
3121
3024
2179
-126
-3005
-5246
-6152
-5448
-3786
-2335
-1890
-1898
-1653
-471
1434
2934
3323
2321
1306
806
1164
1887
2195
2013
970
360
-240
208
961
3036
4035
3989
1302
-2093
-4911
-5935
-4907
-3634
-2598
-2905
-3172
-2599
-954
1557
2990
3339
2095
1225
933
1791
2346
2379
1641
781
418
525
955
1078
1281
2041
2698
2965
1516
-1144
-4392
-6455
-6385
-4581
-2564
-1652
-1940
-2207
-1751
515
2474
4196
3596
2313
727
416
1246
2273
2712
1707
484
-673
-327
498
2580
3965
4021
1902
-1174
-3810
-4874
-4744
-4021
-3801
-3772
-3764
-2882
-1522
281
1711
2452
2838
2756
2815
2409
2118
1536
1224
944
862
924
838
524
469
1445
2779
3321
2399
-511
-3601
-5750
-6008
-4940
-3736
-3105
-3250
-2947
-2064
60
2152
3629
3719
2946
2144
2016
2493
2876
2708
1592
298
-654
-699
-136
1366
2808
3356
2529
362
-1865
-3988
-4670
-4650
-4074
-3745
-3602
-3420
-2692
-1012
860
2582
3154
3031
2326
2132
2332
2714
2821
2010
779
-339
-436
178
974
1835
2414
2345
1511
104
-1518
-3004
-4055
-4722
-4953
-4717
-4055
-2930
-1517
-93
918
1703
2300
2871
3152
3174
2892
2542
2018
1388
846
425
139
185
328
1302
2208
2543
1890
-182
-2276
-4105
-4538
-4343
-3972
-3756
-3724
-3109
-1982
-126
1571
2674
2898
2508
2228
2361
2889
2911
2463
1401
345
-100
-230
351
708
1918
2461
2486
1324
-780
-2672
-4019
-4116
-4180
-4121
-4369
-4005
-2936
-1291
404
1518
2276
2306
2540
2796
3212
3360
2819
1937
880
521
132
365
104
654
1565
2405
2380
929
-1152
-3301
-4269
-4307
-3640
-3389
-3624
-3832
-3214
-1626
484
2154
3080
2871
2387
2177
2314
2808
2791
2271
1281
485
-33
31
64
815
1728
2457
2134
751
-1261
-3192
-4139
-4335
-4065
-4007
-3932
-3625
-2518
-1028
676
1823
2415
2549
2470
2824
3095
3344
2854
1932
902
286
147
32
276
868
1871
2219
1759
42
-1896
-3365
-4162
-4037
-3797
-3794
-3710
-3277
-2098
-543
989
1845
2283
2242
2588
2889
3211
3041
2301
1556
794
598
288
135
96
801
1774
2266
1888
102
-1952
-3787
-4489
-4343
-3840
-3570
-3678
-3258
-2243
-580
1031
1984
2255
2303
2658
3161
3753
3389
2446
1331
449
395
344
461
638
1228
1525
1578
754
-595
-2217
-3475
-3999
-3954
-3773
-3598
-3352
-2774
-1695
-451
823
1681
2451
2807
3160
3264
3008
2524
1794
1402
830
683
270
111
692
1603
1954
1446
198
-1505
-2568
-3255
-3181
-3623
-4147
-4721
-4284
-2746
-956
659
1283
1622
1829
2438
3172
3611
3494
2828
1995
1369
1057
850
298
-258
398
1285
2034
1501
-118
-1855
-2924
-3030
-3206
-3460
-4309
-4390
-3603
-2043
-420
644
1025
1211
1872
2631
3620
3684
3198
2161
1572
1161
1187
841
169
-110
450
1689
2160
1565
-456
-2350
-3494
-3588
-3265
-3345
-3814
-4337
-3891
-2533
-670
716
1184
1600
2058
2890
3706
3902
3426
2426
1685
1117
1051
813
425
266
844
1238
1332
597
-802
-2150
-3040
-3247
-3453
-3431
-3810
-3641
-3213
-2062
-749
534
1472
2040
2414
2685
3006
3319
3220
2736
1804
1051
499
315
450
823
1407
1384
945
-50
-1041
-2095
-2807
-3359
-3857
-4171
-4241
-3442
-2673
-1666
-747
36
835
2045
2972
3531
3565
3193
2977
2517
2359
1614
889
146
-114
534
1308
1614
824
-471
-1589
-2367
-2530
-2856
-3417
-4088
-4211
-3522
-2340
-1145
-405
140
744
1767
2980
3548
3579
2968
2435
2144
2010
1851
1338
389
-255
310
1224
1619
978
-457
-1845
-2426
-2585
-2789
-3466
-4334
-4699
-3980
-2488
-1194
-481
-35
657
1847
3220
3925
3712
2985
2501
2559
2604
2322
1345
281
-381
492
1313
1472
504
-1025
-2134
-2412
-2275
-2682
-3458
-4353
-4216
-3380
-2010
-1103
-520
-70
839
1989
3093
3584
3398
2847
2574
2504
2409
1884
1077
141
57
813
1372
1225
295
-985
-1824
-2259
-2361
-3038
-3973
-4521
-4464
-3396
-2045
-1327
-810
-256
832
2136
3245
3588
3322
3129
3089
3167
2908
2006
1039
219
273
1022
1157
785
-321
-1213
-1758
-2087
-2534
-3287
-4044
-4308
-3738
-2828
-1962
-1375
-753
139
1105
2242
2898
3318
3314
3092
3073
2726
2259
1733
1034
576
496
1034
1014
651
-215
-1221
-1735
-2089
-2609
-3467
-3988
-4348
-4012
-3081
-2425
-1573
-959
134
1005
2179
2952
3277
3593
3517
3397
3167
2738
2113
1221
585
572
1148
1276
712
-480
-1618
-2219
-2525
-2906
-3353
-4020
-4225
-3880
-2993
-2246
-1469
-772
80
1286
2476
3312
3466
3377
3329
3310
3200
2674
1871
984
478
798
1317
1219
390
-758
-1720
-2172
-2318
-2878
-3764
-4281
-4509
-3826
-3166
-2608
-2106
-1247
215
1612
2638
2915
3136
3410
3919
4197
3818
2985
1966
1490
1063
1304
1344
743
-90
-946
-1626
-2102
-2692
-3460
-4115
-4376
-4055
-3589
-3073
-2576
-1806
-593
405
1560
2478
2991
3507
3758
3738
3592
3221
2775
2120
1395
935
1092
1144
745
72
-988
-1765
-2214
-2679
-3280
-3946
-4385
-4394
-3864
-3322
-2709
-2015
-994
295
1418
2307
3004
3398
3807
4096
4211
3883
3289
2448
1701
1362
1676
1526
796
-201
-1180
-2062
-2462
-2974
-3685
-4367
-4734
-4671
-3999
-3215
-2646
-1916
-841
447
1768
2776
3196
3689
3960
4173
4289
3900
3141
2280
1649
1314
1521
1419
479
-462
-1542
-2058
-2374
-3027
-3839
-4679
-4789
-4678
-4119
-3519
-2984
-2122
-875
257
1429
2370
3194
3980
4411
4533
4576
4093
3788
3002
2409
1992
2016
1589
641
-256
-1520
-2320
-2797
-3550
-4473
-5251
-5454
-5118
-4454
-3791
-3179
-2296
-1081
626
2040
3006
3572
4231
4693
5229
5146
4491
3760
2929
2218
2099
2095
1361
251
-820
-1852
-2613
-3065
-3879
-4884
-5636
-5719
-5165
-4561
-4115
-3597
-2665
-1244
447
1824
2726
3552
4318
5136
5641
5613
5241
4287
3756
3283
2896
2545
1600
352
-527
-1697
-2536
-3383
-4424
-5380
-5869
-5960
-5744
-5284
-4747
-3776
-2463
-888
475
1628
2771
3760
4758
5522
5731
5554
5225
4670
4111
3223
2468
2199
1451
565
-670
-1868
-2961
-3718
-4464
-5071
-5674
-5985
-5911
-5422
-4456
-3472
-2234
-1023
331
1849
3075
4082
4686
5273
5559
5544
5388
4763
3824
2898
2330
2278
1572
417
-877
-2077
-2722
-3355
-4308
-5359
-5942
-5995
-5528
-4782
-4314
-3654
-2564
-1011
536
1980
2969
3810
4583
5280
5738
5698
5109
4430
3740
2982
2592
2297
1453
320
-793
-1856
-2692
-3428
-4378
-5197
-5756
-5854
-5616
-5045
-4445
-3444
-2222
-911
449
1768
2794
3919
4730
5202
5605
5579
5258
4634
3752
2920
2405
2440
1651
545
-732
-2069
-2714
-3422
-4347
-5296
-6059
-6340
-5788
-5099
-4502
-3646
-2516
-1158
450
1976
3132
4045
4742
5378
5775
5943
5510
4767
3957
3150
2675
2413
1500
283
-932
-1925
-2660
-3564
-4783
-5723
-6185
-6156
-5842
-5293
-4809
-3808
-2451
-849
620
1888
2978
4072
4971
5565
5976
5784
5427
4888
4063
3309
2588
2179
1474
470
-650
-1982
-3037
-3850
-4679
-5446
-6080
-6289
-5897
-5326
-4632
-3721
-2555
-1016
671
2071
3124
4021
4834
5574
5977
5900
5494
4708
3957
3165
2684
2443
1541
364
-995
-2104
-2799
-3607
-4630
-5543
-6199
-6164
-5838
-5190
-4378
-3459
-2092
-492
996
2165
3277
4185
5238
5971
5985
5644
5152
4376
3708
2804
2014
1536
901
-56
-1008
-2229
-3184
-3939
-4792
-5271
-5739
-5854
-5429
-4682
-3848
-2823
-1838
-591
960
2313
3435
4331
4859
5217
5490
5326
4876
4308
3267
2290
1767
1643
1106
27
-1035
-2203
-2779
-3479
-4319
-4987
-5551
-5404
-4774
-3931
-3201
-2412
-1559
-172
1221
2305
3194
3768
4304
4882
5009
4770
4099
3341
2733
2131
1862
1743
1155
392
-744
-1905
-2791
-3567
-4513
-5262
-5655
-5636
-5111
-4522
-3811
-2937
-1646
-250
1188
2454
3353
4137
4862
5418
5500
5310
4870
3944
3150
2455
1923
2012
1433
84
-1158
-2261
-3085
-3882
-4936
-5862
-5867
-5172
-4031
-3276
-2650
-1884
-485
877
2279
2936
3545
3915
4679
4858
4551
3730
2790
2231
1680
1050
596
1065
1318
717
-794
-2436
-3677
-4001
-4100
-4465
-5273
-5416
-4865
-3559
-2238
-1340
-692
357
1911
3316
4131
4419
4343
4608
4856
4749
3798
2599
1642
1102
1222
1489
1169
-84
-1325
-2288
-2879
-3610
-4594
-5604
-5831
-4925
-3083
-1936
-1097
-895
251
1018
2586
2939
3459
3289
3785
3377
3179
2313
1776
1085
704
300
294
1367
2271
2059
371
-1580
-2779
-3433
-3823
-4601
-5011
-4942
-4260
-3292
-2402
-1373
-460
1122
2243
3378
3622
4042
3925
3927
3553
3126
2515
1903
1478
702
209
1029
2050
1655
122
-1700
-2958
-3404
-3706
-4708
-5502
-5314
-3749
-1991
-819
-378
316
1288
2745
3259
3196
2695
2715
2766
2562
1710
931
721
641
627
551
1624
2745
2904
1351
-421
-2201
-3214
-4284
-4917
-5583
-5426
-4282
-3207
-1934
-967
675
1766
2926
3229
3327
3137
2962
2940
2800
2134
1394
573
454
682
863
1514
2219
2409
1239
-28
-1609
-2649
-4402
-5014
-5616
-4666
-3700
-2138
-1442
-122
1026
2440
2898
2976
2661
2217
2084
1623
1467
607
751
497
1099
564
782
1212
3578
3878
2964
-252
-1971
-3670
-4366
-5651
-5766
-5776
-4958
-3490
-1194
529
1302
2304
3014
3628
3500
2938
2119
1764
1576
1494
808
391
331
710
592
1381
3316
4408
3039
222
-2209
-3700
-4584
-5432
-5756
-5726
-4145
-2686
-784
141
1488
2637
3405
3385
2726
1877
1781
1686
1064
234
101
578
910
714
652
1445
4276
4576
3347
-191
-1622
-3515
-4260
-6445
-6644
-6326
-4701
-3243
-1439
678
1972
3137
2857
3675
2801
3307
1878
1948
484
780
25
600
617
1196
725
1381
3464
4668
3776
351
-1480
-3343
-4245
-6949
-7146
-6152
-4030
-3167
-1766
34
2367
3420
3167
2848
3048
3441
2505
1241
-77
415
616
925
424
335
773
1679
3535
4412
3605
915
-964
-2837
-4299
-6806
-7679
-6938
-4804
-3448
-1996
-85
1946
3427
3444
3418
3750
3624
2509
1107
639
680
568
575
268
721
696
1582
3085
4548
3740
1488
-999
-2776
-4605
-6426
-7369
-6765
-5420
-3838
-2438
-532
1613
3064
3698
3795
4071
3582
2363
837
518
775
1011
798
466
477
657
1138
2435
4424
4190
2496
-772
-2122
-3899
-5933
-8038
-7401
-5459
-3747
-2773
-970
995
3138
3329
3635
3571
3971
2905
1414
522
803
1116
752
393
-25
769
912
2355
3706
4896
3326
226
-2679
-4086
-4994
-6729
-7792
-6989
-4356
-2415
-775
149
2406
3246
4246
3414
3231
2351
2495
1681
1110
608
411
250
-82
735
669
2134
4098
4861
2982
348
-1202
-3044
-5010
-7341
-7352
-6575
-4725
-3764
-1589
180
2158
2967
3783
4142
3916
2818
1578
1355
1319
739
205
387
903
1091
505
762
3145
5000
4165
888
-1296
-2693
-3982
-6328
-7534
-7051
-5295
-4009
-2756
-645
1814
3789
3956
3894
3388
3387
2144
1224
506
1018
906
573
471
892
1134
695
2084
4077
4683
2395
-474
-2421
-3808
-5790
-7330
-7935
-6345
-4638
-1980
-765
1280
2380
4225
4164
4178
2726
2338
1391
1231
842
903
682
741
818
518
553
1666
4122
4556
3205
244
-1561
-3669
-5538
-7795
-7944
-6177
-4416
-3257
-1651
1084
3279
3455
3210
3310
3861
3204
2016
1029
968
1052
284
33
214
1393
945
1422
3287
5109
3930
691
-2204
-3398
-4906
-6689
-7708
-6378
-4744
-3361
-2414
222
2335
3482
3492
3342
3680
3399
2508
1246
732
824
622
236
-192
742
1386
2040
2733
4241
3827
1815
-1365
-2877
-4668
-5872
-7675
-6857
-5787
-3463
-2449
-278
1417
3384
3703
3742
3602
3356
2598
1418
935
584
570
115
416
880
1275
1148
2579
4045
4202
1630
-818
-2330
-3718
-5458
-7072
-6819
-5498
-4095
-3253
-1463
999
3237
3771
3741
3570
3696
2800
1428
389
520
623
554
369
738
1402
1113
1972
3454
4413
2506
-134
-2150
-3147
-4776
-6818
-7288
-6344
-4090
-3260
-1222
41
2898
3255
4099
3129
3728
2836
2078
1020
416
726
292
801
34
953
734
2231
3251
4214
2558
516
-1444
-2948
-4252
-6116
-6552
-6549
-4541
-3230
-1512
-345
1903
3234
3829
3366
2812
2590
2200
1344
603
584
742
740
291
349
477
1503
3039
4386
3051
1321
-784
-2183
-4278
-5789
-6741
-6118
-5234
-3756
-2241
20
1763
3244
3479
3426
2896
2302
1819
1604
1351
964
765
326
354
441
675
433
1744
3708
4286
2351
-293
-2010
-3195
-4895
-6414
-6730
-5463
-3786
-2167
-1048
954
2556
3609
2967
2658
2420
2586
1881
790
715
968
829
218
-41
395
1010
1399
3288
3861
3460
315
-1504
-3153
-3653
-5712
-6614
-6145
-4265
-2262
-1605
32
1273
3382
3115
3235
2654
2957
2114
1510
494
412
335
378
408
314
722
1066
2918
3231
2818
743
-510
-2011
-3337
-4940
-5420
-4822
-4013
-3169
-2281
-494
929
2196
2494
2987
2822
2675
1574
1044
639
606
510
260
700
802
722
91
1272
3045
3728
2103
-133
-1414
-2365
-3742
-5485
-5609
-4649
-3022
-2335
-1119
388
2360
2619
2754
2225
2749
2099
1489
470
786
681
623
141
178
576
669
970
1972
2907
2364
657
-899
-1961
-3040
-4394
-4835
-4200
-2954
-2245
-1553
-463
1159
2132
2339
2262
2232
2130
1409
822
502
589
427
-2
120
539
1095
674
1570
2483
2902
1214
-525
-1731
-2235
-3404
-4560
-4756
-3545
-2225
-1530
-852
506
1979
2558
2219
2126
2040
1771
958
454
444
697
498
220
88
477
513
860
1621
2076
1489
262
-900
-1742
-2525
-3308
-3455
-2907
-1978
-1461
-741
-82
985
1380
1583
1389
1417
1299
958
623
483
485
317
39
-5
344
608
740
1395
1969
1798
692
-422
-1235
-1918
-2621
-3250
-2990
-2344
-1396
-879
-101
671
1292
1489
1499
1505
1395
1102
666
464
364
318
62
81
143
441
339
815
1306
1476
714
-226
-762
-1187
-1783
-2490
-2371
-1903
-1081
-929
-415
32
917
973
991
850
1146
1020
596
221
184
363
155
121
100
400
359
499
893
1491
1206
386
-586
-813
-1291
-1905
-2529
-2157
-1296
-959
-665
-200
1193
1327
1204
344
913
867
1146
241
106
130
381
363
0
159
122
397
-127
23
19
304
1
-242
-485
-204
-63
-467
-786
-635
21
72
-8
-126
229
-7
-268
-518
-24
454
279
129
-205
259
26
191
-308
311
0
0
0
0
0
0
0
0
0
0
0
0
0
0
0
0
0
0
0
0
0
0
0
0
0
0
0
0
0
0
0
0
0
0
0
0
0
0
0
0
0
0
0
0
0
0
0
0
0
0
0
0
0
0
0
0
0
0
0
0
0
0
0
0
0
0
0
0
0
0
0
0
0
0
0
0
0
0
0
0
0
0
0
0
0
0
0
0
0
0
0
0
0
0
0
0
0
0
0
0
0
0
0
0
0
0
0
0
0
0
0
0
0
0
0
0
0
0
0
0
0
0
0
0
0
0
0
0
0
0
0
0
0
0
0
0
0
0
0
0
0
0
0
0
0
0
0
0
0
0
0
0
0
0
0
0
0
0
0
0
0
0
0
0
0
0
0
0
0
0
0
0
0
0
0
0
0
0
0
0
0
0
0
0
0
0
0
0
0
0
0
0
0
0
0
0
0
0
0
0
0
0
0
0
0
0
0
0
0
0
0
0
0
0
0
0
0
0
0
0
0
0
0
0
0
0
0
0
0
0
0
0
0
0
0
0
0
0
0
0
0
0
0
0
0
0
0
0
0
0
0
0
0
0
0
0
0
0
0
0
0
0
0
0
0
0
0
0
0
0
0
0
0
0
0
0
0
0
0
0
0
0
0
0
0
0
0
0
0
0
0
0
0
0
0
0
0
0
0
0
0
0
0
0
0
0
0
0
0
0
0
0
0
0
0
0
0
0
0
0
0
0
0
0
0
0
0
0
0
0
0
0
0
0
0
0
0
0
0
0
0
0
0
0
0
0
0
0
0
0
0
0
0
0
0
0
0
0
0
0
0
0
0
0
0
0
0
0
0
0
0
0
0
0
0
0
0
0
0
0
0
0
0
0
0
0
0
0
0
0
0
0
0
0
0
0
0
0
0
0
0
0
0
0
0
0
0
0
0
0
0
0
0
0
0
0
0
0
0
0
0
0
0
0
0
0
0
0
0
0
0
0
0
0
0
0
0
0
0
0
0
0
0
0
0
0
0
0
0
0
0
0
0
0
0
0
0
0
0
0
0
0
0
0
0
0
0
0
0
0
0
0
0
0
0
0
0
0
0
0
0
0
0
0
0
0
0
0
0
0
0
0
0
0
0
0
0
0
0
0
0
0
0
0
0
0
0
0
0
0
0
0
0
0
0
0
0
0
0
0
0
0
0
0
0
0
0
0
0
0
0
0
0
0
0
0
0
0
0
0
0
0
0
0
0
0
0
0
0
0
0
0
0
0
0
0
0
0
0
0
0
0
0
0
0
0
0
0
0
0
0
0
0
0
0
0
0
0
0
0
0
0
0
0
0
0
0
0
0
0
0
0
0
0
0
0
0
0
0
0
0
0
0
0
0
0
0
0
0
0
0
0
0
0
0
0
0
0
0
0
0
0
0
0
0
0
0
0
0
0
0
0
0
0
0
0
0
0
0
0
0
0
0
0
0
0
0
0
0
0
0
0
0
0
0
0
0
0
0
0
0
0
0
0
0
0
0
0
0
0
0
0
0
0
0
0
0
0
0
0
0
0
0
0
0
0
0
0
0
0
0
0
0
0
0
0
0
0
0
0
0
0
0
0
0
0
0
0
0
0
0
0
0
0
0
0
0
0
0
0
0
0
0
0
0
0
0
0
0
0
0
0
0
0
0
0
0
0
0
0
0
0
0
0
0
0
0
0
0
0
0
0
0
0
0
0
0
0
0
0
0
0
0
0
0
0
0
0
0
0
0
0
0
0
0
0
0
0
0
0
0
0
0
0
0
0
0
0
0
0
0
0
0
0
0
0
0
0
0
0
0
0
0
0
0
0
0
0
0
0
0
0
0
0
0
0
0
0
0
0
0
0
0
0
0
0
0
0
0
0
0
0
0
0
0
0
0
0
0
0
0
0
0
0
0
0
0
0
0
0
0
0
0
0
0
0
0
0
0
0
0
0
0
0
0
0
0
0
0
0
0
0
0
0
0
0
0
0
0
0
0
0
0
0
0
0
0
0
0
0
0
0
0
0
0
0
0
0
0
0
0
0
0
0
0
0
0
0
0
0
0
0
0
0
0
0
0
0
0
0
0
0
0
0
0
0
0
0
0
0
0
0
0
0
0
0
0
0
0
0
0
0
0
0
0
0
0
0
0
0
0
0
0
0
0
0
0
0
0
0
0
0
0
0
0
0
0
0
0
0
0
0
0
0
0
0
0
0
0
0
0
0
0
0
0
0
0
0
0
0
0
0
0
0
0
0
0
0
0
0
0
0
0
0
0
0
0
0
0
0
0
0
0
0
0
0
0
0
0
0
0
0
0
0
0
0
0
0
0
0
0
0
0
0
0
0
0
0
0
0
0
0
0
0
0
0
0
0
0
0
0
0
0
0
0
0
0
0
0
0
0
0
0
0
0
0
0
0
0
0
0
0
0
0
0
0
0
0
0
0
0
0
0
0
0
0
0
0
0
0
0
0
0
0
0
0
0
0
0
0
0
0
0
0
0
0
0
0
0
0
0
0
0
0
0
0
0
0
0
0
0
0
0
0
0
0
0
0
0
0
0
0
0
0
0
0
0
0
0
0
0
0
0
0
0
0
0
0
0
0
0
0
0
0
0
0
0
0
0
0
0
0
0
0
0
0
0
0
0
0
0
0
0
0
0
0
0
0
0
0
0
0
0
0
0
0
0
0
0
0
0
0
0
0
0
0
0
0
0
0
0
0
0
0
0
0
0
0
0
0
0
0
0
0
0
0
0
0
0
0
0
0
0
0
0
0
0
0
0
0
0
0
0
0
0
0
0
0
0
0
0
0
0
0
0
0
0
0
0
0
0
0
0
0
0
0
0
0
0
0
0
0
0
0
0
0
0
0
0
0
0
0
0
0
0
0
0
0
0
0
0
0
0
0
0
0
0
0
0
0
0
0
0
0
0
0
0
0
0
0
0
0
0
0
0
0
0
0
0
0
0
0
0
0
0
0
0
0
0
0
0
0
0
0
0
0
0
0
0
0
0
0
0
0
0
0
0
0
0
0
0
0
0
0
0
0
0
0
0
0
0
0
0
0
0
0
0
0
0
0
0
0
0
0
0
0
0
0
0
0
0
0
0
0
0
0
0
0
0
0
0
0
0
0
0
0
0
0
0
0
0
0
0
0
0
0
0
0
0
0
0
0
0
0
0
0
0
0
0
0
0
0
0
0
0
0
0
0
0
0
0
0
0
0
0
0
0
0
0
0
0
0
0
0
0
0
0
0
0
0
0
0
0
0
0
0
0
0
0
0
0
0
0
0
0
0
0
0
0
0
0
0
0
0
0
0
0
0
0
0
0
0
0
0
0
0
0
0
0
0
0
0
0
0
0
0
0
0
0
0
0
0
0
0
0
0
0
0
0
0
0
0
0
0
0
0
0
0
0
0
0
0
0
0
0
0
0
0
0
0
0
0
0
0
0
0
0
0
0
0
0
0
0
0
0
0
0
0
0
0
0
0
0
0
0
0
0
0
0
0
0
0
0
0
0
0
0
0
0
0
0
0
0
0
0
0
0
0
0
0
0
0
0
0
0
0
0
0
0
0
0
0
0
0
0
0
0
0
0
0
0
0
0
0
0
0
0
0
0
0
0
0
0
0
0
0
0
0
0
0
0
0
0
0
0
0
0
0
0
0
0
0
0
0
0
0
0
0
0
0
0
0
0
0
0
0
0
0
0
0
0
0
0
0
0
0
0
0
0
0
0
0
0
0
0
0
0
0
0
0
0
0
0
0
0
0
0
0
0
0
0
0
0
0
0
0
0
0
0
0
0
0
0
0
0
0
0
0
0
0
0
0
0
0
0
0
0
0
0
0
0
0
0
0
0
0
0
0
0
0
0
0
0
0
0
0
0
0
0
0
0
0
0
0
0
0
0
0
0
0
0
0
0
0
0
0
0
0
0
0
0
0
0
0
0
0
0
0
0
0
0
0
0
0
0
0
0
0
0
0
0
0
0
0
0
0
0
0
0
0
0
0
0
0
0
0
0
0
0
0
0
0
0
0
0
0
0
0
0
0
0
0
0
0
0
0
0
0
0
0
0
0
0
0
0
0
0
0
0
0
0
0
0
0
0
0
0
0
0
0
0
0
0
0
0
0
0
0
0
0
0
0
0
0
0
0
0
0
0
0
0
0
0
0
0
0
0
0
0
0
0
0
0
0
0
0
0
0
0
0
0
0
0
0
0
0
0
0
0
0
0
0
0
0
0
0
0
0
0
0
0
0
0
0
0
0
0
0
0
0
0
0
0
0
0
0
0
0
0
0
0
0
0
0
0
0
0
0
0
0
0
0
0
0
0
0
0
0
0
0
0
0
0
0
0
0
0
0
0
0
0
0
0
0
0
0
0
0
0
0
0
0
0
0
0
0
0
0
0
0
0
0
0
0
0
0
0
0
0
0
0
0
0
0
0
0
0
0
0
0
0
0
0
0
0
0
0
0
0
0
0
0
0
0
0
0
0
0
0
0
0
0
0
0
0
0
0
0
0
0
0
0
0
0
0
0
0
0
0
0
0
0
0
0
0
0
0
0
0
0
0
0
0
0
0
0
0
0
0
0
0
0
0
0
0
0
0
0
0
0
0
0
0
0
0
0
0
0
0
0
0
0
0
0
0
0
0
0
0
0
0
0
0
0
0
0
0
0
0
0
0
0
0
0
0
0
0
0
0
0
0
0
0
0
0
0
0
0
0
0
0
0
0
0
0
0
0
0
0
0
0
0
0
0
0
0
0
0
0
0
0
0
0
0
0
0
0
0
0
0
0
0
0
0
0
0
0
0
0
0
0
0
0
0
0
0
0
0
0
0
0
0
0
0
0
0
0
0
0
0
0
0
0
0
0
0
0
0
0
0
0
0
0
0
0
0
0
0
0
0
0
0
0
0
0
0
0
0
0
0
0
0
0
0
0
0
0
0
0
0
0
0
0
0
0
0
0
0
0
0
0
0
0
0
0
0
0
0
0
0
0
0
0
0
0
0
0
0
0
0
0
0
0
0
0
0
0
0
0
0
0
0
0
0
0
0
0
0
0
0
0
0
0
0
0
0
0
0
0
0
0
0
0
0
0
0
0
0
0
0
0
0
0
0
0
0
0
0
0
0
0
0
0
0
0
0
0
0
0
0
0
0
0
0
0
0
0
0
0
0
0
0
0
0
0
0
0
0
0
0
0
0
0
0
0
0
0
0
0
0
0
0
0
0
0
0
0
0
0
0
0
0
0
0
0
0
0
0
0
0
0
0
0
0
0
0
0
0
0
0
0
0
0
0
0
0
0
0
0
0
0
0
0
0
0
0
0
0
0
0
0
0
0
0
0
0
0
0
0
0
0
0
0
0
0
0
0
0
0
0
0
0
0
0
0
0
0
0
0
0
0
0
0
0
0
0
0
0
0
0
0
0
0
0
0
0
0
0
0
0
0
0
0
0
0
0
0
0
0
0
0
0
0
0
0
0
0
0
0
0
0
0
0
0
0
0
0
0
0
0
0
0
0
0
0
0
0
0
0
0
0
0
0
0
0
0
0
0
0
0
0
0
0
0
0
0
0
0
0
0
0
0
0
0
0
0
0
0
0
0
0
0
0
0
0
0
0
0
0
0
0
0
0
0
0
0
0
0
0
0
0
0
0
0
0
0
0
0
0
0
0
0
0
0
0
0
0
0
0
0
0
0
0
0
0
0
0
0
0
0
0
0
0
0
0
0
0
0
0
0
0
0
0
0
0
0
0
0
0
0
0
0
0
0
0
0
0
0
0
0
0
0
0
0
0
0
0
0
0
0
0
0
0
0
0
0
0
0
0
0
0
0
0
0
0
0
0
0
0
0
0
0
0
0
0
0
0
0
0
0
0
0
0
0
0
0
0
0
0
0
0
0
0
0
0
0
0
0
0
0
0
0
0
0
0
0
0
0
0
0
0
0
0
0
0
0
0
0
0
0
0
0
0
0
0
0
0
0
0
0
0
0
0
0
0
0
0
0
0
0
0
0
0
0
0
0
0
0
0
0
0
0
0
0
0
0
0
0
0
0
0
0
0
0
0
0
0
0
0
0
0
0
0
0
0
0
0
0
0
0
0
0
0
0
0
0
0
0
0
0
0
0
0
0
0
0
0
0
0
0
0
0
0
0
0
0
0
0
0
0
0
0
0
0
0
0
0
0
0
0
0
0
0
0
0
0
0
0
0
0
0
0
0
0
0
0
0
0
0
0
0
0
0
0
0
0
0
0
0
0
0
0
0
0
0
0
0
0
0
0
0
0
0
0
0
0
0
0
0
0
0
0
0
0
0
0
0
0
0
0
0
0
0
0
0
0
0
0
0
0
0
0
0
0
0
0
0
0
0
0
0
0
0
0
0
0
0
0
0
0
0
0
0
0
0
0
0
0
0
0
0
0
0
0
0
0
0
0
0
0
0
0
0
0
0
0
0
0
0
0
0
0
0
0
0
0
0
0
0
0
0
0
0
0
0
0
0
0
0
0
0
0
0
0
0
0
0
0
0
0
0
0
0
0
0
0
0
0
0
0
0
0
0
0
0
0
0
0
0
0
0
0
0
0
0
0
0
0
0
0
0
0
0
0
0
0
0
0
0
0
0
0
0
0
0
0
0
0
0
0
0
0
0
0
0
0
0
0
0
0
0
0
0
0
0
0
0
0
0
0
0
0
0
0
0
0
0
0
0
0
0
0
0
0
0
0
0
0
0
0
0
0
0
0
0
0
0
0
0
0
0
0
0
0
0
0
0
0
0
0
0
0
0
0
0
0
0
0
0
0
0
0
0
0
0
0
0
0
0
0
0
0
0
0
0
0
0
0
0
0
0
0
0
0
0
0
0
0
0
0
0
0
0
0
0
0
0
0
0
0
0
0
0
0
0
0
0
0
0
0
0
0
0
0
0
0
0
0
0
0
0
0
0
0
0
0
0
0
0
0
0
0
0
0
0
0
0
0
0
0
0
0
0
0
0
0
0
0
0
0
0
0
0
0
0
0
0
0
0
0
0
0
0
0
0
0
0
0
0
0
0
0
0
0
0
0
0
0
0
0
0
0
0
0
0
0
0
0
0
0
0
0
0
0
0
0
0
0
0
0
0
0
0
0
0
0
0
0
0
0
0
0
0
0
0
0
0
0
0
0
0
0
0
0
0
0
0
0
0
0
0
0
0
0
0
0
0
0
0
0
0
0
0
0
0
0
0
0
0
0
0
0
0
0
0
0
0
0
0
0
0
0
0
0
0
0
0
0
0
0
0
0
0
0
0
0
0
0
0
0
0
0
0
0
0
0
0
0
0
0
0
0
0
0
0
0
0
0
0
0
0
0
0
0
0
0
0
0
0
0
0
0
0
0
0
0
0
0
0
0
0
0
0
0
0
0
0
0
0
0
0
0
0
0
0
0
0
0
0
0
0
0
0
0
0
0
0
0
0
0
0
0
0
0
0
0
0
0
0
0
0
0
0
0
0
0
0
0
0
0
0
0
0
0
0
0
0
0
0
0
0
0
0
0
0
0
0
0
0
0
0
0
0
0
0
0
0
0
0
0
0
0
0
0
0
0
0
0
0
0
0
0
0
0
0
0
0
0
0
0
0
0
0
0
0
0
0
0
0
0
0
0
0
0
0
0
0
0
0
0
0
0
0
0
0
0
0
0
0
0
0
0
0
0
0
0
0
0
0
0
0
0
0
0
0
0
0
0
0
0
0
0
0
0
0
0
0
0
0
0
0
0
0
0
0
0
0
0
0
0
0
0
0
0
0
0
0
0
0
0
0
0
0
0
0
0
