104
16
-151
-479
-408
-264
417
520
836
270
-45
-705
-180
-317
-1
-160
38
-510
28
243
1308
869
599
-1009
-1459
-2037
-383
752
2422
1737
1086
-1256
-1353
-1095
782
1184
1541
-622
-1688
-3103
-2211
-1864
153
698
1943
1764
2200
1304
512
-961
-1696
-1757
-511
1318
2501
2580
347
-1866
-3097
-1766
248
3013
3607
3193
1294
-1036
-3098
-4640
-4499
-3491
-946
552
2714
2315
2098
83
-99
-1416
-115
333
2123
1177
1408
-268
-122
-640
387
-339
162
-438
478
906
2851
2609
2295
-99
-2286
-4851
-5042
-4621
-2804
-1243
468
1552
2475
2832
2522
1457
231
-470
-271
179
240
405
24
365
257
1019
851
1033
-399
87
327
2342
2569
1944
-1260
-4273
-6557
-6118
-4121
-1328
886
2028
2366
1971
2289
2037
2146
1192
115
-1297
-1096
-412
830
1278
765
210
-505
-98
565
1873
2976
3375
2087
-453
-3729
-5791
-5976
-4951
-3127
-1609
-339
326
2091
2979
4041
3240
2386
401
-27
-807
87
96
876
565
849
-189
-234
-1140
-73
1350
4583
5329
4865
184
-4798
-9729
-9900
-8230
-3136
56
3333
2664
2925
871
1790
1486
3543
2739
3005
995
492
-667
-51
-407
352
-64
546
405
1379
2142
4176
4169
2867
-550
-4540
-7980
-9039
-7810
-5194
-1917
236
1686
2055
2705
2567
2958
2492
2442
1844
1981
1261
1154
322
253
-389
-127
-181
202
612
2284
3989
4654
2962
-330
-4975
-8260
-9196
-7595
-5030
-2012
-80
1247
2009
3180
3689
3942
2894
1765
421
591
591
1508
1513
1384
431
119
-706
-132
-228
1647
3158
4981
3898
1209
-4307
-8586
-11135
-9615
-6109
-1342
2051
3702
3772
3052
2473
1860
1394
1196
1430
1598
2152
1798
1023
-324
-805
-1380
-172
539
1890
3336
4357
3662
1621
-1975
-5810
-7991
-8366
-6760
-4309
-1702
390
2278
3041
3600
3150
2550
1566
1519
1028
1459
1080
961
299
603
-64
252
-141
39
544
3051
3985
4246
1223
-2308
-6777
-8077
-8499
-5987
-3544
-735
1118
2673
3217
3052
2860
2231
2040
1575
1635
768
805
3
679
500
1196
12
-79
-852
1453
3145
4129
2927
-153
-3941
-6529
-7283
-7009
-5139
-3242
-558
1429
3230
3519
3562
2406
1759
774
1195
1088
1620
1259
1273
316
17
-428
-545
-465
674
3174
4367
4739
1804
-2100
-6400
-8274
-8634
-6339
-3822
-825
1417
3019
3519
3116
2376
1519
1431
1382
1435
1762
1504
781
98
-410
-588
-12
109
1104
2907
3811
3466
1640
-1360
-4665
-6492
-7338
-6384
-4915
-2320
-679
1766
2738
3953
3091
2940
1565
1550
1031
1291
1085
1062
522
-49
-25
-162
-160
124
2119
3490
4179
2345
-445
-3989
-6036
-7462
-6652
-5650
-2970
-814
1925
2782
3756
2840
3011
1849
1707
822
1111
855
1385
1395
428
-479
-915
-957
312
2546
4263
3996
2872
-463
-3084
-5929
-6988
-7190
-5281
-3561
-1051
1020
2455
3104
3399
2968
2653
1905
1389
795
768
403
804
278
86
-194
-242
131
2188
3432
3518
2657
-280
-3054
-5581
-6720
-6996
-5403
-3647
-950
876
2544
2956
3242
3123
2540
2228
1620
899
538
156
148
103
467
-335
322
248
2984
3181
3276
1337
-271
-3324
-5101
-6846
-6876
-5728
-3691
-837
1389
3482
3736
3260
2591
1906
1498
1527
1215
1288
744
306
-339
-426
-372
-131
1235
3343
3612
3104
525
-1935
-4135
-5466
-6641
-5562
-4700
-2562
-516
893
2410
3371
3726
3419
3030
1760
1259
436
281
-186
38
-248
448
116
733
2089
3306
2719
2148
-334
-2407
-4644
-5761
-6597
-5296
-4518
-1852
297
2061
3191
3589
3104
2636
2557
1525
1781
556
286
-555
-287
-684
168
38
1911
3360
3562
2350
902
-1732
-3842
-5241
-6570
-6002
-4479
-2876
-828
1320
2137
3465
3484
3252
2767
2277
1305
1089
192
33
-379
-501
-406
-60
1030
2941
3154
2932
1731
-570
-2843
-5053
-6322
-6271
-5204
-3470
-1574
609
2336
3057
3546
3327
2859
2291
1817
1208
499
116
-54
-20
-931
-619
432
2219
3724
3271
2548
70
-1735
-4548
-5716
-6494
-5496
-4314
-2515
-291
1561
3014
3475
4112
2993
2999
1709
1518
117
480
-743
119
-888
-23
120
2042
3083
2903
2313
431
-1726
-3919
-5190
-6029
-5448
-4659
-3041
-1278
1401
2594
3874
4168
3837
3450
1952
1283
-175
428
-769
-406
-458
-243
244
2115
2794
2449
3157
104
-1075
-3777
-5114
-6426
-5590
-4984
-2572
-973
1207
2496
3307
3768
3576
3109
2143
2161
411
710
-623
-190
-1118
-624
-404
2327
2253
3340
2304
1071
-1259
-2946
-5335
-5899
-5904
-5107
-3041
-947
913
2142
4115
3146
4231
2851
2781
1203
1032
-37
54
-668
-657
-474
91
2299
2268
2776
1895
590
-1544
-3239
-5145
-5884
-6005
-4706
-2854
-1092
1060
2786
4060
3830
4415
2904
2405
1651
298
186
-375
-926
-743
-768
645
2447
2311
3038
2005
-625
-2002
-3889
-5685
-5492
-5195
-4634
-1802
-580
1397
2860
3732
3343
4723
2691
2977
1234
372
-88
-831
-895
-1455
182
970
2969
2015
3230
484
-657
-2943
-4596
-5870
-5278
-5310
-3284
-1441
-205
2645
2818
4366
3946
3948
2228
2908
597
534
-56
-1151
-633
-1301
610
1771
1917
2768
1653
-85
-1219
-3278
-5612
-4621
-6549
-4360
-2758
-1119
1225
3027
3526
4555
3918
3408
2927
1281
1050
-370
-172
-1217
-918
-529
1620
1456
2312
2322
216
-656
-2455
-5007
-4637
-5756
-4851
-2822
-1932
353
2582
2475
4459
4042
3685
3020
2546
364
1063
-1168
-848
-1002
-669
1309
1459
2095
2189
404
-352
-2101
-4745
-4126
-6157
-4312
-3872
-1849
-458
2262
2120
4592
4035
3820
4050
1811
1938
261
-120
-1143
-897
-1264
1429
827
1849
2455
110
262
-2450
-3262
-5257
-4861
-5372
-3472
-3111
17
968
2760
4143
4180
4154
3800
2761
1417
1469
-819
-439
-1462
-1069
1388
51
2463
1553
510
-735
-1459
-4870
-3268
-5800
-4118
-3624
-2140
-899
1918
1859
3964
4204
3805
4209
2177
2701
-51
754
-1857
-608
-1152
1799
-309
2844
889
153
-278
-3021
-3417
-4226
-4668
-4448
-2081
-2193
939
1626
2633
4031
2995
3511
2816
917
1854
-580
-370
198
-1709
801
1927
454
3152
1379
-733
-44
-4131
-3811
-4490
-5734
-3214
-2795
-1156
814
2383
2000
4856
2708
4138
2242
2285
-172
712
-1317
-1086
-253
29
2244
1281
2101
1379
-1188
-729
-3859
-3866
-4247
-4020
-3164
-1245
-1189
1712
1916
2771
3475
2803
2336
2188
124
608
-491
-488
-455
-287
1323
2134
2229
2858
646
-436
-2514
-3914
-5598
-3618
-5951
-1105
-2462
640
1800
2166
3319
3398
2599
2502
1861
103
1152
-1400
118
-936
-189
1229
2610
1181
3497
-845
-39
-2976
-3625
-4589
-3862
-4444
-1726
-1043
210
3064
1794
3644
2292
2122
1202
986
-314
364
-234
-212
-12
500
2046
2525
1742
2844
-1028
-785
-2937
-5005
-3911
-4684
-3435
-1563
-240
350
3090
1794
3156
2656
1655
1375
966
-634
294
-441
-735
406
253
2390
1998
2638
876
165
-1966
-3097
-3458
-4931
-2579
-2728
-1059
621
1203
1357
2685
1544
1658
1688
283
756
-135
50
-171
108
243
923
2418
1952
2252
1376
-975
-1822
-3486
-4384
-3781
-3138
-2006
-399
649
1188
2090
1845
1648
1629
996
542
105
169
-137
125
-153
399
1148
2637
1176
1898
493
-1334
-1920
-2428
-3936
-2350
-2557
-1640
574
-408
2018
1281
1544
1451
652
673
268
68
12
310
142
365
523
1125
2281
1309
1709
-94
-879
-2124
-3200
-2770
-3481
-1139
-1964
842
411
1436
1692
942
1354
815
544
-86
276
-338
593
68
399
415
1526
1978
549
1583
-550
-1370
-1514
-2968
-2370
-1822
-1331
-1224
1293
-560
2103
636
1128
654
577
-69
353
22
212
795
-129
570
232
1610
1121
1500
677
460
-1960
-1577
-2762
-2932
-1185
-1369
42
1027
854
683
1544
-598
943
-114
584
68
1091
-204
473
343
-139
523
1306
1337
740
1358
-1490
-464
-2370
-1962
-1961
-1670
-416
-258
830
564
961
514
712
-66
79
492
-430
1052
67
595
149
491
189
1174
1354
688
195
-64
-1692
-1506
-1824
-1756
-1133
-132
-674
1293
-5
925
699
171
745
63
298
-177
428
-218
174
663
314
1221
1311
652
124
-125
-1236
-905
-1378
-1456
-361
-862
-408
296
-390
246
609
172
488
1089
-636
740
200
-746
1018
-534
611
598
285
1265
1153
-263
661
-1523
-1240
-1164
-1222
-1148
287
-491
322
442
-348
579
-5
722
11
869
-64
125
90
-131
521
-385
1035
102
1519
455
203
-662
-534
-1072
-1320
-214
-1136
805
-1038
520
-678
621
49
350
600
130
337
-255
-82
-228
340
152
739
38
762
397
134
-342
-291
94
-1193
311
-1028
-221
3
37
0
-197
279
-723
1003
-166
289
264
322
-628
496
-165
-467
1186
-624
1112
381
547
-693
748
-1720
-56
-496
-949
725
-490
202
-216
298
-699
668
-79
565
333
-76
108
-116
4
-70
-146
900
-214
409
854
-379
297
-394
-509
-984
210
-762
483
-166
280
-542
434
-305
6
90
113
256
-162
994
-878
964
-1010
465
-416
799
222
940
-400
82
-539
-112
-618
-89
-675
51
-390
157
675
-482
561
-129
-146
100
372
-768
851
-162
20
288
-58
801
-760
741
33
-386
-241
1004
-1396
558
-342
-634
421
-818
607
-780
618
-224
659
-358
389
115
-484
330
133
-687
864
-125
-74
448
358
31
245
-171
-520
-178
-594
-1
261
-607
582
-413
-49
-36
5
313
509
-513
365
32
-505
242
49
199
85
574
-470
394
-310
-234
-242
383
69
-86
48
101
-169
18
272
-435
-127
-214
7
198
-83
481
-161
198
-756
698
-981
608
-226
405
-274
579
-269
-199
318
-541
679
-656
588
-620
678
-544
682
-645
597
-355
128
-426
437
-398
255
-15
288
-346
583
-649
-117
129
85
-39
398
-378
636
-752
-31
217
-576
684
516
-928
724
-330
-301
30
294
-450
313
268
-252
199
29
-521
515
-322
86
25
-419
581
-300
582
-296
-48
-210
86
-451
348
270
-100
157
-63
23
-136
-484
460
-274
604
-166
-214
356
-710
15
658
-386
538
-245
-76
-541
377
-284
222
470
38
-283
-199
425
-1020
490
490
-713
959
-483
405
-1140
1079
-861
386
441
-326
-250
474
-367
76
-166
199
-130
294
152
-193
-220
18
-238
-34
170
747
-495
343
-401
54
-759
722
-339
202
336
199
-174
-306
-21
-96
-116
179
78
95
-20
136
-48
-136
144
-347
139
-207
-12
459
-100
-32
668
-1029
666
-808
73
-103
644
313
42
-170
-672
145
-442
579
172
198
-92
-247
294
-850
567
-51
185
-170
425
-619
242
-151
76
56
146
212
-425
48
-247
204
283
-724
830
61
-506
458
-301
-600
488
-43
250
2
19
94
-118
-405
196
115
-323
315
123
-199
228
21
-161
-159
230
-554
331
-7
412
63
-286
-101
217
-699
345
91
371
-206
291
-671
94
74
441
-425
376
-242
112
-1013
1019
-91
287
-62
39
-862
611
-180
-295
442
333
-359
235
48
-781
810
-751
166
544
-64
-359
234
70
-395
266
425
-941
610
-502
421
68
56
138
-366
333
-949
588
48
112
76
472
-1117
491
-193
301
121
-198
-270
542
-931
1065
-897
1045
-576
344
-586
24
217
-468
375
626
-282
-290
61
-81
-146
155
182
-207
-35
-143
682
-399
96
-259
410
-920
987
-518
119
180
-126
-336
792
-291
-174
-123
195
-484
-41
1045
-289
-296
-311
374
24
-48
0
-14
-322
11
469
-8
-77
224
-517
20
8
198
323
-1131
1147
-84
-198
-193
397
-966
1020
-1038
996
-31
172
-720
449
-482
34
103
107
275
-10
313
-655
-86
133
-306
254
492
-297
-32
221
-470
389
-280
-33
313
-240
155
-356
560
-760
631
-94
690
-870
283
-811
136
476
79
554
-417
-11
-84
-354
33
-129
606
-411
134
494
-269
-475
360
-303
331
-269
211
-152
89
225
-81
-226
-54
259
-357
271
415
-594
33
-21
177
-380
871
-466
152
-584
295
-30
298
-424
488
-288
-92
315
-139
-25
-184
74
-80
96
322
-85
77
-393
37
-356
546
-313
813
-435
-141
-294
410
-710
975
-527
-11
459
-86
-286
-62
-139
249
-178
750
-760
352
-330
-183
498
-2
45
113
-431
-569
932
-309
48
436
-48
-904
398
380
-142
-92
-120
-2
-212
769
-414
124
-74
101
-455
164
-105
128
5
611
-218
-321
-384
516
-258
32
-41
606
-844
660
-313
295
-538
533
-414
298
-568
293
535
-486
273
4
-380
429
-490
-93
464
34
-14
-183
-42
150
-63
81
-121
54
249
-534
-15
275
15
183
299
-405
-317
43
-51
156
162
157
116
-661
276
1
159
-78
-4
-143
-403
566
335
-264
-95
298
-749
307
-453
792
-37
-34
107
24
-632
-263
685
-375
842
-206
-471
-60
462
-917
852
-31
-79
-587
930
-700
589
-501
473
-570
-69
652
-504
80
367
108
-642
480
-630
297
285
-61
-91
370
-545
-155
412
-205
176
571
-929
136
56
121
-89
8
585
-688
536
-857
552
55
-607
616
50
133
-294
177
-666
614
-335
56
447
-295
-58
304
-385
191
-266
166
128
-29
50
-509
367
596
-787
171
240
-236
-460
620
150
-345
294
-232
-27
-263
566
-419
225
153
-349
-31
209
107
-423
581
70
-1123
749
448
-891
600
99
-663
542
225
-347
-363
290
-232
353
30
499
-729
89
-59
82
-555
974
-479
271
-395
745
-680
20
162
-271
225
-71
156
-103
170
359
-620
-260
405
-374
264
539
6
-948
547
-216
41
333
26
-426
41
252
-210
-32
469
-560
264
48
112
-499
191
235
-162
339
-618
338
-275
262
319
-1
-390
88
-609
35
582
1007
-1135
455
-673
303
-1103
1733
-471
129
-275
430
-1203
835
69
49
-495
396
9
-55
-217
621
-396
-361
50
780
-1080
592
306
139
-556
-319
392
-151
295
-275
641
-729
289
-79
281
-514
26
282
-15
-19
107
251
-632
-168
820
-330
-541
512
463
-719
229
427
-926
216
460
50
-238
8
-1
8
-430
789
-402
-56
244
6
-336
26
33
233
118
-476
293
296
-484
-169
313
-106
462
-392
-64
-62
428
-359
-49
650
-1150
448
492
54
-628
322
186
-628
318
12
338
-15
-678
549
-469
414
493
-456
-442
-134
539
-329
789
-114
-363
-942
1214
-509
207
274
-72
-914
801
39
-48
-245
403
-305
-392
581
-33
-126
-342
750
-423
104
-213
392
-806
671
-133
385
-788
802
-651
92
228
692
-1258
-80
823
447
-1314
332
1120
-1004
-615
1542
-794
-495
667
311
-528
-421
723
131
-579
-157
647
-5
-358
-158
572
-421
-358
645
371
-679
-472
1157
-585
-321
300
223
54
-502
456
-116
-749
1192
-90
-972
341
651
-523
-108
310
185
-921
1122
-759
314
-242
479
-611
624
-431
191
-170
-151
349
135
-115
-391
344
-348
564
-663
904
-543
-114
-198
549
-421
205
374
-149
-957
837
134
-434
224
-51
378
-622
17
149
360
67
-760
331
463
-709
337
346
-550
-226
745
150
-569
-211
-22
540
-81
67
60
-779
528
181
-375
370
-34
-651
915
-287
-274
-58
134
319
-142
-356
501
-138
-695
855
-114
-540
1054
-801
-325
589
-74
-250
275
518
-1100
312
379
15
-519
239
408
-430
-104
324
-111
-54
99
107
-388
251
-121
-23
355
-342
96
264
-109
-376
-132
179
425
-40
-85
210
-707
-144
736
138
-730
620
-102
-146
-493
998
-269
-1305
1200
886
-1374
-146
995
-144
-1568
1767
-263
-546
425
192
-715
-200
839
81
-549
411
-39
-1042
1088
164
-703
64
1141
-815
-1272
1325
575
-818
-292
445
276
-415
-91
695
-943
332
-56
662
-543
-490
595
627
-962
-34
832
-836
-364
895
597
-1485
746
949
-2141
551
1280
-407
-1257
1176
401
-876
-275
833
-266
-42
-354
160
514
-52
-420
-49
24
130
166
-42
-624
1001
-78
-903
436
142
-245
254
-72
141
-421
466
-233
-85
365
-231
-309
298
-47
-88
254
-41
212
-333
-72
-81
187
-237
134
379
46
-471
19
530
-470
-434
304
403
-108
-110
196
-75
-95
-297
179
495
-1082
670
261
663
-1715
521
642
156
-1132
622
-51
158
-434
376
451
-308
-654
600
66
-766
340
519
-290
101
225
-347
-134
-60
149
-230
279
820
-1195
-107
1197
-452
-767
-239
1540
-655
-622
508
571
-645
-481
749
-375
264
-170
429
-740
325
350
-91
-183
-76
-177
275
-382
488
367
48
-1101
247
190
670
-996
33
1342
-1121
-206
741
39
-743
-83
906
-517
-249
-208
1416
-348
-718
-771
1387
-334
-784
446
1464
-1535
34
176
867
-1603
572
351
329
-790
393
263
-219
-92
-171
155
-65
110
-163
74
69
225
256
-528
-88
244
-857
748
-315
490
483
-840
491
164
-743
28
-204
-262
583
614
96
-277
82
-514
-60
-300
-85
269
638
-360
479
128
-444
106
-949
392
-180
538
-281
541
360
-301
-341
-337
395
-877
959
-706
1394
-1420
1206
-755
698
-1267
1039
-497
-435
880
-639
556
-206
694
-1354
780
182
-162
-902
764
-201
-49
441
-50
628
-665
-616
-374
1219
-47
-1188
768
1413
-1046
-961
998
-475
-592
921
-175
272
235
-320
-321
-22
-166
-198
1113
-344
-22
-987
1319
49
-1424
362
1805
-1535
-729
738
883
-1216
644
372
655
-1546
-429
315
-18
137
1484
-244
-522
10
-1031
-266
1157
-223
-815
1214
754
-1014
-703
642
-188
-469
235
1206
-986
-575
911
840
-2118
1085
1029
-882
-1843
1569
558
-464
12
70
860
-562
-1995
1594
369
-998
807
457
130
-1216
603
-1188
639
840
781
-1668
-7
888
-889
814
-561
346
-438
614
-679
405
564
-750
-327
1388
-1310
-524
1020
609
-814
-384
798
607
-86
-1889
758
1262
-1342
-200
1357
-115
-753
613
-37
-765
-186
575
-59
196
407
108
-709
109
-660
252
605
-396
586
-129
478
-336
-1433
-74
1570
-340
-195
1128
-896
-824
458
534
-634
286
126
256
-808
114
652
721
-2064
1385
-233
-105
-829
921
-91
751
-1244
686
292
-1069
-94
1202
-529
-524
202
694
-654
169
103
-27
-654
549
596
8
-731
-25
79
71
-146
383
465
-571
-368
253
963
1399
300
188
-263
198
-309
-134
-1501
-626
-1238
-1295
-1182
-617
-521
-219
-675
-74
55
1099
605
391
654
1825
911
1086
899
2060
91
1051
2209
834
-315
753
-401
-1333
-2029
-1454
-2438
-2588
-2297
-1753
-2076
-1394
-1270
-792
-363
174
879
1669
1739
1442
2297
1868
1818
1799
1966
2478
3113
2022
1029
1015
172
-1810
-2233
-2682
-3158
-3497
-3301
-3211
-2807
-2812
-1948
-1007
-285
-20
886
2214
1593
2340
3079
3300
2442
2676
2839
1972
3165
3395
1493
709
400
-1095
-2414
-2751
-3140
-4118
-4100
-3817
-3087
-3222
-1918
-891
-146
300
1371
2664
2669
2622
3161
3873
2920
3088
2499
2095
1979
3815
2143
549
154
-403
-3086
-4532
-4022
-4510
-5599
-5361
-3594
-3305
-3349
-1630
-19
345
1457
2968
3627
3525
4321
4377
3766
3175
3231
2796
1374
2746
3603
2061
-549
-694
-2171
-4066
-5279
-4154
-4920
-5963
-4992
-3752
-3198
-2661
-510
733
1517
2310
3889
4598
4235
4641
4442
3570
3042
2824
1131
642
2804
2933
363
-548
-785
-3147
-5809
-5593
-5248
-5936
-5400
-4444
-3176
-3340
-1399
56
1611
2072
4119
4625
4592
4894
5130
4190
2940
3419
2135
1039
1403
3201
1780
-666
-593
-2071
-4200
-5639
-4465
-5956
-6540
-5433
-3644
-3420
-3464
-731
815
1786
2843
4335
4334
4546
5364
4499
4162
2988
2482
977
378
1006
3100
1792
-170
-318
-2079
-4839
-6114
-4793
-5405
-5921
-5871
-3746
-3423
-2811
-116
1776
2552
2611
4370
4997
5394
5090
4752
3927
2569
2012
1690
917
391
2779
1760
-300
-1727
-1749
-4307
-6179
-5914
-5025
-5993
-5762
-3628
-3377
-2298
-588
1755
2129
3662
4972
5152
4170
4268
4359
2857
2442
2023
1278
-380
1287
3255
1606
-761
-826
-885
-3989
-5231
-5289
-5293
-6630
-5140
-3911
-3364
-2580
47
1598
1825
3687
5060
5056
4684
4500
4390
3633
2696
1414
1219
254
1001
3339
1637
359
-1205
-1979
-4345
-5165
-5265
-6179
-5731
-5551
-4088
-3664
-1595
-1162
1487
2481
4018
4084
5487
4952
4130
4466
4163
2733
1165
1461
-129
1010
2798
2091
-99
-626
-1326
-3897
-5051
-5427
-5473
-6926
-5665
-4155
-3349
-2419
56
1553
1666
3094
4276
5492
4485
4758
4743
3851
2909
1949
1508
-23
226
2448
2426
526
-1256
-832
-3225
-4667
-5563
-5792
-6726
-6271
-4492
-3610
-1501
-277
726
1479
3384
4329
4841
5175
4972
4146
3873
2791
2282
1502
470
218
2180
2456
159
-650
-999
-2535
-4596
-5196
-5361
-6365
-6228
-4950
-3409
-3066
-1416
771
1899
3195
3978
5534
4778
4602
4256
4352
2701
2188
1880
1045
-169
1709
3239
1073
-1032
-1635
-1701
-4189
-5406
-5381
-5330
-6167
-5624
-4129
-3073
-1851
-230
2168
2808
4355
4454
5030
4341
5437
3542
3637
2191
2059
910
-31
1018
2402
2064
-185
-425
-1998
-3585
-5207
-4883
-6050
-6359
-5327
-4670
-3726
-2344
207
867
2002
3595
4942
4471
4783
5431
4939
3399
2863
2133
836
-174
620
2298
2520
649
26
-1550
-3262
-4975
-5266
-5671
-5821
-6038
-4614
-3952
-3092
-1455
918
2031
2927
4086
5264
4960
4451
4582
4999
3224
1869
1507
698
-595
875
2975
1736
-764
-481
-1010
-3972
-5222
-5155
-5597
-6432
-5252
-4203
-4295
-2257
222
1465
1529
3977
4425
4912
4534
5023
4305
4329
2651
2218
969
172
190
1794
2319
51
455
-1207
-1960
-4981
-4224
-5282
-6158
-6602
-4936
-4531
-2918
-1483
607
1644
2403
4267
4630
4995
4662
4665
4332
3408
2866
1791
860
-85
-180
2068
1912
663
-591
-934
-3163
-4686
-5040
-4732
-6390
-5570
-4782
-3575
-3417
-936
504
2324
2904
4134
4549
5474
4279
4713
3418
3651
1969
1937
543
170
-1
2396
1608
169
-371
-1550
-3190
-5315
-4289
-5967
-5395
-6106
-4381
-3802
-1968
-913
979
2194
3537
4612
4094
5071
4624
4862
3157
3310
2378
1486
-142
-325
558
2695
588
-392
-693
-1089
-3417
-4634
-4353
-5602
-5781
-5378
-3668
-3684
-2082
482
1704
1300
2470
4486
4616
4098
4864
4541
3042
2122
2866
955
-369
-213
1637
2106
389
216
-336
-1656
-3699
-3893
-5186
-5420
-5833
-4799
-3925
-2642
-1498
-514
772
2256
3606
3683
4845
4970
4378
3441
3632
2871
1444
770
431
-278
-383
2487
1285
-149
-1166
-950
-3251
-4449
-4384
-4529
-5552
-5016
-3192
-3039
-1919
-303
1356
1177
3013
3977
4438
3672
4745
4442
2785
2435
1961
756
-172
-219
625
1982
1496
617
-800
-1566
-3095
-3847
-4504
-4863
-5017
-4224
-3835
-3475
-2009
-690
633
1870
3097
3648
4548
4124
4444
3756
3566
2109
1772
1139
592
-548
-84
1202
1034
-25
-459
-667
-2590
-3433
-3956
-3811
-4678
-4174
-3690
-2812
-2134
-487
235
1181
2162
3384
3484
3902
3366
3743
2814
2543
1776
1421
435
-193
-111
776
1892
479
20
-1113
-1290
-2976
-3535
-4145
-4305
-4396
-4005
-3133
-2135
-706
-62
1107
2075
3174
3220
3611
3679
3656
3248
2761
1843
1216
474
111
-346
-15
1186
377
-354
-597
-916
-2304
-3175
-3180
-3756
-3790
-3346
-2455
-2304
-1241
-454
745
1152
2556
2591
3203
2782
3228
2642
2638
1581
1514
487
331
-137
136
1044
1282
150
-126
-623
-2033
-2670
-2864
-3248
-3873
-3255
-2651
-2372
-1862
-600
449
920
1890
2502
3106
2926
3084
2907
2830
1822
1331
1099
464
-472
-496
142
716
-94
-302
-479
-1099
-2101
-2032
-2083
-2516
-2699
-2033
-1891
-1710
-940
-163
321
985
1538
2025
1988
2155
1909
1925
1602
1380
978
680
371
-203
-219
442
1002
292
136
-159
-729
-2021
-2189
-2021
-2408
-2638
-2078
-1565
-1402
-418
-25
796
732
1871
1927
2209
1820
2398
1877
1411
1076
907
280
-262
-55
-235
93
129
167
-434
-593
-999
-1399
-1681
-1682
-1601
-1724
-1431
-1258
-642
-341
201
478
998
1179
1315
1391
1488
1466
1184
1058
789
472
175
80
-39
-57
485
565
130
-141
-421
-792
-1298
-1450
-1744
-1632
-1735
-1324
-1018
-665
-157
222
736
934
1330
1339
1545
1422
1334
925
1077
752
446
150
-299
-362
-453
-257
-746
-512
-765
-82
-698
-250
-110
-62
-293
-242
107
-370
-164
97
547
-405
-86
-39
82
-533
398
238
119
-149
385
262
-54
-1
291
240
-33
445
219
-161
-195
-24
283
3
37
-134
223
-337
-243
-205
385
-191
150
-46
524
-421
0
0
0
0
0
0
0
0
0
0
0
0
0
0
0
0
0
0
0
0
0
0
0
0
0
0
0
0
0
0
0
0
0
0
0
0
0
0
0
0
0
0
0
0
0
0
0
0
0
0
0
0
0
0
0
0
0
0
0
0
0
0
0
0
0
0
0
0
0
0
0
0
0
0
0
0
0
0
0
0
0
0
0
0
0
0
0
0
0
0
0
0
0
0
0
0
0
0
0
0
0
0
0
0
0
0
0
0
0
0
0
0
0
0
0
0
0
0
0
0
0
0
0
0
0
0
0
0
0
0
0
0
0
0
0
0
0
0
0
0
0
0
0
0
0
0
0
0
0
0
0
0
0
0
0
0
0
0
0
0
0
0
0
0
0
0
0
0
0
0
0
0
0
0
0
0
0
0
0
0
0
0
0
0
0
0
0
0
0
0
0
0
0
0
0
0
0
0
0
0
0
0
0
0
0
0
0
0
0
0
0
0
0
0
0
0
0
0
0
0
0
0
0
0
0
0
0
0
0
0
0
0
0
0
0
0
0
0
0
0
0
0
0
0
0
0
0
0
0
0
0
0
0
0
0
0
0
0
0
0
0
0
0
0
0
0
0
0
0
0
0
0
0
0
0
0
0
0
0
0
0
0
0
0
0
0
0
0
0
0
0
0
0
0
0
0
0
0
0
0
0
0
0
0
0
0
0
0
0
0
0
0
0
0
0
0
0
0
0
0
0
0
0
0
0
0
0
0
0
0
0
0
0
0
0
0
0
0
0
0
0
0
0
0
0
0
0
0
0
0
0
0
0
0
0
0
0
0
0
0
0
0
0
0
0
0
0
0
0
0
0
0
0
0
0
0
0
0
0
0
0
0
0
0
0
0
0
0
0
0
0
0
0
0
0
0
0
0
0
0
0
0
0
0
0
0
0
0
0
0
0
0
0
0
0
0
0
0
0
0
0
0
0
0
0
0
0
0
0
0
0
0
0
0
0
0
0
0
0
0
0
0
0
0
0
0
0
0
0
0
0
0
0
0
0
0
0
0
0
0
0
0
0
0
0
0
0
0
0
0
0
0
0
0
0
0
0
0
0
0
0
0
0
0
0
0
0
0
0
0
0
0
0
0
0
0
0
0
0
0
0
0
0
0
0
0
0
0
0
0
0
0
0
0
0
0
0
0
0
0
0
0
0
0
0
0
0
0
0
0
0
0
0
0
0
0
0
0
0
0
0
0
0
0
0
0
0
0
0
0
0
0
0
0
0
0
0
0
0
0
0
0
0
0
0
0
0
0
0
0
0
0
0
0
0
0
0
0
0
0
0
0
0
0
0
0
0
0
0
0
0
0
0
0
0
0
0
0
0
0
0
0
0
0
0
0
0
0
0
0
0
0
0
0
0
0
0
0
0
0
0
0
0
0
0
0
0
0
0
0
0
0
0
0
0
0
0
0
0
0
0
0
0
0
0
0
0
0
0
0
0
0
0
0
0
0
0
0
0
0
0
0
0
0
0
0
0
0
0
0
0
0
0
0
0
0
0
0
0
0
0
0
0
0
0
0
0
0
0
0
0
0
0
0
0
0
0
0
0
0
0
0
0
0
0
0
0
0
0
0
0
0
0
0
0
0
0
0
0
0
0
0
0
0
0
0
0
0
0
0
0
0
0
0
0
0
0
0
0
0
0
0
0
0
0
0
0
0
0
0
0
0
0
0
0
0
0
0
0
0
0
0
0
0
0
0
0
0
0
0
0
0
0
0
0
0
0
0
0
0
0
0
0
0
0
0
0
0
0
0
0
0
0
0
0
0
0
0
0
0
0
0
0
0
0
0
0
0
0
0
0
0
0
0
0
0
0
0
0
0
0
0
0
0
0
0
0
0
0
0
0
0
0
0
0
0
0
0
0
0
0
0
0
0
0
0
0
0
0
0
0
0
0
0
0
0
0
0
0
0
0
0
0
0
0
0
0
0
0
0
0
0
0
0
0
0
0
0
0
0
0
0
0
0
0
0
0
0
0
0
0
0
0
0
0
0
0
0
0
0
0
0
0
0
0
0
0
0
0
0
0
0
0
0
0
0
0
0
0
0
0
0
0
0
0
0
0
0
0
0
0
0
0
0
0
0
0
0
0
0
0
0
0
0
0
0
0
0
0
0
0
0
0
0
0
0
0
0
0
0
0
0
0
0
0
0
0
0
0
0
0
0
0
0
0
0
0
0
0
0
0
0
0
0
0
0
0
0
0
0
0
0
0
0
0
0
0
0
0
0
0
0
0
0
0
0
0
0
0
0
0
0
0
0
0
0
0
0
0
0
0
0
0
0
0
0
0
0
0
0
0
0
0
0
0
0
0
0
0
0
0
0
0
0
0
0
0
0
0
0
0
0
0
0
0
0
0
0
0
0
0
0
0
0
0
0
0
0
0
0
0
0
0
0
0
0
0
0
0
0
0
0
0
0
0
0
0
0
0
0
0
0
0
0
0
0
0
0
0
0
0
0
0
0
0
0
0
0
0
0
0
0
0
0
0
0
0
0
0
0
0
0
0
0
0
0
0
0
0
0
0
0
0
0
0
0
0
0
0
0
0
0
0
0
0
0
0
0
0
0
0
0
0
0
0
0
0
0
0
0
0
0
0
0
0
0
0
0
0
0
0
0
0
0
0
0
0
0
0
0
0
0
0
0
0
0
0
0
0
0
0
0
0
0
0
0
0
0
0
0
0
0
0
0
0
0
0
0
0
0
0
0
0
0
0
0
0
0
0
0
0
0
0
0
0
0
0
0
0
0
0
0
0
0
0
0
0
0
0
0
0
0
0
0
0
0
0
0
0
0
0
0
0
0
0
0
0
0
0
0
0
0
0
0
0
0
0
0
0
0
0
0
0
0
0
0
0
0
0
0
0
0
0
0
0
0
0
0
0
0
0
0
0
0
0
0
0
0
0
0
0
0
0
0
0
0
0
0
0
0
0
0
0
0
0
0
0
0
0
0
0
0
0
0
0
0
0
0
0
0
0
0
0
0
0
0
0
0
0
0
0
0
0
0
0
0
0
0
0
0
0
0
0
0
0
0
0
0
0
0
0
0
0
0
0
0
0
0
0
0
0
0
0
0
0
0
0
0
0
0
0
0
0
0
0
0
0
0
0
0
0
0
0
0
0
0
0
0
0
0
0
0
0
0
0
0
0
0
0
0
0
0
0
0
0
0
0
0
0
0
0
0
0
0
0
0
0
0
0
0
0
0
0
0
0
0
0
0
0
0
0
0
0
0
0
0
0
0
0
0
0
0
0
0
0
0
0
0
0
0
0
0
0
0
0
0
0
0
0
0
0
0
0
0
0
0
0
0
0
0
0
0
0
0
0
0
0
0
0
0
0
0
0
0
0
0
0
0
0
0
0
0
0
0
0
0
0
0
0
0
0
0
0
0
0
0
0
0
0
0
0
0
0
0
0
0
0
0
0
0
0
0
0
0
0
0
0
0
0
0
0
0
0
0
0
0
0
0
0
0
0
0
0
0
0
0
0
0
0
0
0
0
0
0
0
0
0
0
0
0
0
0
0
0
0
0
0
0
0
0
0
0
0
0
0
0
0
0
0
0
0
0
0
0
0
0
0
0
0
0
0
0
0
0
0
0
0
0
0
0
0
0
0
0
0
0
0
0
0
0
0
0
0
0
0
0
0
0
0
0
0
0
0
0
0
0
0
0
0
0
0
0
0
0
0
0
0
0
0
0
0
0
0
0
0
0
0
0
0
0
0
0
0
0
0
0
0
0
0
0
0
0
0
0
0
0
0
0
0
0
0
0
0
0
0
0
0
0
0
0
0
0
0
0
0
0
0
0
0
0
0
0
0
0
0
0
0
0
0
0
0
0
0
0
0
0
0
0
0
0
0
0
0
0
0
0
0
0
0
0
0
0
0
0
0
0
0
0
0
0
0
0
0
0
0
0
0
0
0
0
0
0
0
0
0
0
0
0
0
0
0
0
0
0
0
0
0
0
0
0
0
0
0
0
0
0
0
0
0
0
0
0
0
0
0
0
0
0
0
0
0
0
0
0
0
0
0
0
0
0
0
0
0
0
0
0
0
0
0
0
0
0
0
0
0
0
0
0
0
0
0
0
0
0
0
0
0
0
0
0
0
0
0
0
0
0
0
0
0
0
0
0
0
0
0
0
0
0
0
0
0
0
0
0
0
0
0
0
0
0
0
0
0
0
0
0
0
0
0
0
0
0
0
0
0
0
0
0
0
0
0
0
0
0
0
0
0
0
0
0
0
0
0
0
0
0
0
0
0
0
0
0
0
0
0
0
0
0
0
0
0
0
0
0
0
0
0
0
0
0
0
0
0
0
0
0
0
0
0
0
0
0
0
0
0
0
0
0
0
0
0
0
0
0
0
0
0
0
0
0
0
0
0
0
0
0
0
0
0
0
0
0
0
0
0
0
0
0
0
0
0
0
0
0
0
0
0
0
0
0
0
0
0
0
0
0
0
0
0
0
0
0
0
0
0
0
0
0
0
0
0
0
0
0
0
0
0
0
0
0
0
0
0
0
0
0
0
0
0
0
0
0
0
0
0
0
0
0
0
0
0
0
0
0
0
0
0
0
0
0
0
0
0
0
0
0
0
0
0
0
0
0
0
0
0
0
0
0
0
0
0
0
0
0
0
0
0
0
0
0
0
0
0
0
0
0
0
0
0
0
0
0
0
0
0
0
0
0
0
0
0
0
0
0
0
0
0
0
0
0
0
0
0
0
0
0
0
0
0
0
0
0
0
0
0
0
0
0
0
0
0
0
0
0
0
0
0
0
0
0
0
0
0
0
0
0
0
0
0
0
0
0
0
0
0
0
0
0
0
0
0
0
0
0
0
0
0
0
0
0
0
0
0
0
0
0
0
0
0
0
0
0
0
0
0
0
0
0
0
0
0
0
0
0
0
0
0
0
0
0
0
0
0
0
0
0
0
0
0
0
0
0
0
0
0
0
0
0
0
0
0
0
0
0
0
0
0
0
0
0
0
0
0
0
0
0
0
0
0
0
0
0
0
0
0
0
0
0
0
0
0
0
0
0
0
0
0
0
0
0
0
0
0
0
0
0
0
0
0
0
0
0
0
0
0
0
0
0
0
0
0
0
0
0
0
0
0
0
0
0
0
0
0
0
0
0
0
0
0
0
0
0
0
0
0
0
0
0
0
0
0
0
0
0
0
0
0
0
0
0
0
0
0
0
0
0
0
0
0
0
0
0
0
0
0
0
0
0
0
0
0
0
0
0
0
0
0
0
0
0
0
0
0
0
0
0
0
0
0
0
0
0
0
0
0
0
0
0
0
0
0
0
0
0
0
0
0
0
0
0
0
0
0
0
0
0
0
0
0
0
0
0
0
0
0
0
0
0
0
0
0
0
0
0
0
0
0
0
0
0
0
0
0
0
0
0
0
0
0
0
0
0
0
0
0
0
0
0
0
0
0
0
0
0
0
0
0
0
0
0
0
0
0
0
0
0
0
0
0
0
0
0
0
0
0
0
0
0
0
0
0
0
0
0
0
0
0
0
0
0
0
0
0
0
0
0
0
0
0
0
0
0
0
0
0
0
0
0
0
0
0
0
0
0
0
0
0
0
0
0
0
0
0
0
0
0
0
0
0
0
0
0
0
0
0
0
0
0
0
0
0
0
0
0
0
0
0
0
0
0
0
0
0
0
0
0
0
0
0
0
0
0
0
0
0
0
0
0
0
0
0
0
0
0
0
0
0
0
0
0
0
0
0
0
0
0
0
0
0
0
0
0
0
0
0
0
0
0
0
0
0
0
0
0
0
0
0
0
0
0
0
0
0
0
0
0
0
0
0
0
0
0
0
0
0
0
0
0
0
0
0
0
0
0
0
0
0
0
0
0
0
0
0
0
0
0
0
0
0
0
0
0
0
0
0
0
0
0
0
0
0
0
0
0
0
0
0
0
0
0
0
0
0
0
0
0
0
0
0
0
0
0
0
0
0
0
0
0
0
0
0
0
0
0
0
0
0
0
0
0
0
0
0
0
0
0
0
0
0
0
0
0
0
0
0
0
0
0
0
0
0
0
0
0
0
0
0
0
0
0
0
0
0
0
0
0
0
0
0
0
0
0
0
0
0
0
0
0
0
0
0
0
0
0
0
0
0
0
0
0
0
0
0
0
0
0
0
0
0
0
0
0
0
0
0
0
0
0
0
0
0
0
0
0
0
0
0
0
0
0
0
0
0
0
0
0
0
0
0
0
0
0
0
0
0
0
0
0
0
0
0
0
0
0
0
0
0
0
0
0
0
0
0
0
0
0
0
0
0
0
0
0
0
0
0
0
0
0
0
0
0
0
0
0
0
0
0
0
0
0
0
0
0
0
0
0
0
0
0
0
0
0
0
0
0
0
0
0
0
0
0
0
0
0
0
0
0
0
0
0
0
0
0
0
0
0
0
0
0
0
0
0
0
0
0
0
0
0
0
0
0
0
0
0
0
0
0
0
0
0
0
0
0
0
0
0
0
0
0
0
0
0
0
0
0
0
0
0
0
0
0
0
0
0
0
0
0
0
0
0
0
0
0
0
0
0
0
0
0
0
0
0
0
0
0
0
0
0
0
0
0
0
0
0
0
0
0
0
0
0
0
0
0
0
0
0
0
0
0
0
0
0
0
0
0
0
0
0
0
0
0
0
0
0
0
0
0
0
0
0
0
0
0
0
0
0
0
0
0
0
0
0
0
0
0
0
0
0
0
0
0
0
0
0
0
0
0
0
0
0
0
0
0
0
0
0
0
0
0
0
0
0
0
0
0
0
0
0
0
0
0
0
0
0
0
0
0
0
0
0
0
0
0
0
0
0
0
0
0
0
0
0
0
0
0
0
0
0
0
0
0
0
0
0
0
0
0
0
0
0
0
0
0
0
0
0
0
0
0
0
0
0
0
0
0
0
0
0
0
0
0
0
0
0
0
0
0
0
0
0
0
0
0
0
0
0
0
0
0
0
0
0
0
0
0
0
0
0
0
0
0
0
0
0
0
0
0
0
0
0
0
0
0
0
0
0
0
0
0
0
0
0
0
0
0
0
0
0
0
0
0
0
0
0
0
0
0
0
0
0
0
0
0
0
0
0
0
0
0
0
0
0
0
0
0
0
0
0
0
0
0
0
0
0
0
0
0
0
0
0
0
0
0
0
0
0
0
0
0
0
0
0
0
0
0
0
0
0
0
0
0
0
0
0
0
0
0
0
0
0
0
0
0
0
0
0
0
0
0
0
0
0
0
0
0
0
0
0
0
0
0
0
0
0
0
0
0
0
0
0
0
0
0
0
0
0
0
0
0
0
0
0
0
0
0
0
0
0
0
0
0
0
0
0
0
0
0
0
0
0
0
0
0
0
0
0
0
0
0
0
0
0
0
0
0
0
0
0
0
0
0
0
0
0
0
0
0
0
0
0
0
0
0
0
0
0
0
0
0
0
0
0
0
0
0
0
0
0
0
0
0
0
0
0
0
0
0
0
0
0
0
0
0
0
0
0
0
0
0
0
0
0
0
0
0
0
0
0
0
0
0
0
0
0
0
0
0
0
0
0
0
0
0
0
0
0
0
0
0
0
0
0
0
0
0
0
0
0
0
0
0
0
0
0
0
0
0
0
0
0
0
0
0
0
0
0
0
0
0
0
0
0
0
0
0
0
0
0
0
0
0
0
0
0
0
0
0
0
0
0
0
0
0
0
0
0
0
0
0
0
0
0
0
0
0
0
0
0
0
0
0
0
0
0
0
0
0
0
0
0
0
0
0
0
0
0
